NAME  : Jabali_70_3_0.90_1_7
TYPE : SVRP
MODEL : FINITE_SUPPORT
NUMBER_OF_SCENARIOS : 200
DIMENSION : 70
EDGE_WEIGHT_TYPE : MATRIX
CAPACITY : 146
N_VEHICLES : 3
NODE_COORD_SECTION
1 5352 4844
2 6833 3569
3 4602 1923
4 5243 3095
5 6300 1140
6 3714 1874
7 1894 4350
8 5355 6365
9 5329 1111
10 1391 5268
11 5429 1210
12 994 5156
13 2437 4441
14 1596 2151
15 3409 9173
16 6367 5054
17 4743 6038
18 5416 7402
19 3222 8712
20 458 4304
21 5529 3038
22 7355 6068
23 2091 5611
24 8511 5989
25 3651 6930
26 560 3322
27 5193 7384
28 6549 630
29 7811 4766
30 4744 6956
31 3947 3674
32 6732 3470
33 4577 5684
34 5419 3236
35 2540 3908
36 4528 456
37 2150 4141
38 7184 2887
39 3778 1011
40 4565 6824
41 3376 2082
42 5785 6817
43 1282 4205
44 7993 6477
45 7327 1717
46 3715 7726
47 2790 7060
48 9329 5454
49 4312 8483
50 3849 1006
51 1341 5431
52 4013 8102
53 2290 3111
54 5070 18
55 5809 6188
56 2620 5385
57 4345 3131
58 2338 5686
59 6127 4181
60 6663 7461
61 1784 3199
62 5074 6134
63 1291 3649
64 4905 5361
65 7637 5229
66 6490 4029
67 2429 1779
68 5571 5778
69 27 3768
70 8237 3816
DEMAND_SECTION
1 0.0
2 8.0
3 2.0
4 5.0
5 6.0
6 2.0
7 9.0
8 4.0
9 3.0
10 10.0
11 5.0
12 4.0
13 2.0
14 7.0
15 5.0
16 3.0
17 2.0
18 6.0
19 5.0
20 4.0
21 9.0
22 4.0
23 6.0
24 10.0
25 7.0
26 3.0
27 3.0
28 9.0
29 4.0
30 5.0
31 5.0
32 9.0
33 2.0
34 8.0
35 4.0
36 10.0
37 4.0
38 5.0
39 4.0
40 7.0
41 8.0
42 9.0
43 10.0
44 8.0
45 1.0
46 3.0
47 10.0
48 1.0
49 5.0
50 7.0
51 8.0
52 10.0
53 9.0
54 7.0
55 7.0
56 7.0
57 8.0
58 2.0
59 9.0
60 5.0
61 3.0
62 8.0
63 6.0
64 10.0
65 2.0
66 2.0
67 3.0
68 6.0
69 4.0
70 8.0
DEVIATION_SECTION
1 0.0
2 2.66667
3 0.666667
4 1.66667
5 2.0
6 0.666667
7 3.0
8 1.33333
9 1.0
10 3.33333
11 1.66667
12 1.33333
13 0.666667
14 2.33333
15 1.66667
16 1.0
17 0.666667
18 2.0
19 1.66667
20 1.33333
21 3.0
22 1.33333
23 2.0
24 3.33333
25 2.33333
26 1.0
27 1.0
28 3.0
29 1.33333
30 1.66667
31 1.66667
32 3.0
33 0.666667
34 2.66667
35 1.33333
36 3.33333
37 1.33333
38 1.66667
39 1.33333
40 2.33333
41 2.66667
42 3.0
43 3.33333
44 2.66667
45 0.333333
46 1.0
47 3.33333
48 0.333333
49 1.66667
50 2.33333
51 2.66667
52 3.33333
53 3.0
54 2.33333
55 2.33333
56 2.33333
57 2.66667
58 0.666667
59 3.0
60 1.66667
61 1.0
62 2.66667
63 2.0
64 3.33333
65 0.666667
66 0.666667
67 1.0
68 2.0
69 1.33333
70 2.66667
DISTANCE_MATRIX
0.0 26.9258 42.3354 24.6628 53.7587 49.5133 49.28 20.4571 51.9713 55.9017 51.1077 60.4152 43.4832 69.9763 62.6267 17.5843 15.8739 33.9628 58.2739 68.3165 25.2389 44.2425 46.8188 46.8635 35.4401 71.6155 33.5377 60.8112 32.7582 27.803 33.7419 27.2029 14.0 23.3238 49.8792 61.6941 48.0689 37.0 56.911 26.9581 52.0913 28.6644 57.6894 53.2706 51.4782 43.3079 45.3982 54.4127 49.6901 56.911 56.3649 46.1149 58.8649 66.694 22.8035 39.9249 31.3567 44.2719 14.5602 43.6818 61.3043 16.5008 61.0426 19.4018 32.3711 19.4165 65.8532 18.6819 75.4905 41.4367 
26.9258 0.0 35.8469 21.2132 33.8378 45.3174 69.195 41.0994 38.0 78.1105 37.0 82.0061 63.3981 73.417 87.9554 20.6155 42.7997 52.8018 84.5555 86.9945 18.4391 33.3824 70.5844 39.0512 62.3692 84.5991 53.8445 39.8121 21.2132 52.8018 38.4708 1.0 40.6079 19.105 58.5062 51.3517 64.5632 10.2956 51.264 53.0891 47.8955 43.4166 75.8801 39.8498 26.1725 70.1599 72.1803 42.72 73.3398 51.264 78.8753 71.4376 61.0328 53.0848 35.6366 63.5135 33.4215 68.3593 12.3693 52.8239 67.6757 43.4266 74.793 46.3275 25.0868 7.61577 62.3276 45.6076 91.7878 19.8494 
42.3354 35.8469 0.0 18.0278 25.02 11.7047 49.6643 60.9291 14.8661 63.7888 14.5602 65.9373 45.8803 40.2492 98.3199 47.2543 57.4285 74.4347 92.9421 65.0692 19.105 67.5669 61.9936 73.7564 68.1142 58.4637 74.0096 31.1448 56.6127 68.5956 25.0 34.9285 52.6806 20.0 40.0258 19.6977 45.7164 36.2353 15.5242 66.7877 15.0333 69.1364 55.0364 74.0343 36.2491 78.5866 73.2462 78.5493 88.2383 15.5242 65.0 83.2531 36.0555 26.2488 63.2754 55.3221 16.9706 60.353 36.0555 79.5072 42.2966 56.9727 51.1566 59.8737 59.2713 36.6742 28.3019 59.1538 67.082 54.3783 
24.6628 21.2132 18.0278 0.0 31.0644 25.865 49.0306 43.2565 27.4591 61.0737 26.6271 64.4052 45.5957 52.5216 85.4229 29.3225 38.5732 56.7621 80.9843 67.3573 3.16228 50.4578 55.3263 56.6546 57.2999 64.0078 56.337 38.2753 40.2492 50.3683 19.2354 20.5183 34.9571 2.23607 39.0512 37.108 45.1221 26.0 33.1361 49.719 28.443 51.4638 56.3205 56.9252 34.1321 65.9881 63.0188 62.6498 72.2927 33.1361 62.0322 68.9081 40.3113 42.0476 45.6028 48.5077 12.53 53.6004 18.2483 61.5754 47.0106 39.3001 54.626 42.2011 42.1622 19.6977 42.8752 41.4812 71.5891 41.0366 
53.7587 33.8378 25.02 31.0644 0.0 36.3456 74.3303 72.847 12.53 88.1192 12.083 90.5539 70.0357 63.8905 115.013 52.6162 68.1637 84.7741 110.575 90.0888 29.2062 66.8111 84.2021 71.5681 86.8904 83.1865 85.9276 7.2111 53.6004 80.1928 47.1275 32.8938 64.5476 31.4006 64.4981 25.4951 70.3491 27.074 33.121 79.348 40.05 75.3921 80.0062 73.2785 16.1245 95.5786 93.6605 72.111 102.08 33.121 89.2693 98.4986 61.0737 22.4722 67.6089 77.7946 38.6005 82.8613 41.8808 84.8691 67.2681 68.8906 76.1643 71.7916 58.5155 39.3573 51.5461 71.0717 91.9239 45.1774 
49.5133 45.3174 11.7047 25.865 36.3456 0.0 39.856 71.3387 25.02 54.4896 25.0 56.0446 37.72 28.6531 104.064 55.1415 63.245 83.1413 98.6036 54.0093 27.576 76.178 53.987 82.3748 73.8325 46.8722 82.1417 42.0119 65.6111 74.412 29.8626 44.4492 58.4971 28.0188 31.3215 23.6008 36.1048 46.7861 13.0384 72.6042 5.0 79.5459 44.4072 82.6454 47.927 84.3816 78.1696 87.8046 94.0548 13.0384 55.7989 87.6593 25.0799 32.249 73.685 50.8257 22.2038 54.121 44.1129 94.5633 31.0161 66.7433 40.0 70.2833 67.8823 45.2902 17.0294 69.5634 55.5788 64.4056 
49.28 69.195 49.6643 49.0306 74.3303 39.856 0.0 51.6236 64.5624 14.7648 64.2227 16.2788 7.07107 29.0689 68.4471 66.2551 43.0465 60.7454 62.3699 19.4165 52.1728 76.4524 17.4642 92.8901 42.107 22.4722 59.1354 80.7527 81.3108 50.5964 30.0499 68.8958 39.4136 50.476 10.0499 62.6498 4.0 74.8092 50.5371 48.3839 35.2889 59.5399 8.48528 85.4805 82.2982 52.0096 38.833 103.083 64.0078 50.5371 16.1245 58.0 16.4012 71.6938 55.0134 17.0 37.2156 18.6815 60.2205 74.7061 14.7648 47.1699 12.1655 51.6117 81.0418 64.0125 33.9706 50.8918 26.2488 88.0611 
20.4571 41.0994 60.9291 43.2565 72.847 71.3387 51.6236 0.0 70.565 54.4885 69.7017 59.4138 45.8327 76.5049 47.0106 20.8806 8.60233 14.3178 43.4626 69.814 43.8879 26.5817 44.0454 42.9418 24.0832 73.965 14.4222 79.994 39.0512 11.7047 41.0223 41.7276 12.6491 41.9201 52.2287 80.2878 50.4185 51.3252 78.0076 12.1655 69.2532 8.24621 59.9083 35.2278 67.2188 29.1204 35.5106 55.1543 32.8024 78.0076 54.5619 30.4138 63.0562 85.2876 6.0 38.1838 48.5561 41.2311 31.7692 23.4094 63.6538 4.47214 63.3921 17.0554 36.2345 33.9177 72.5926 9.21954 77.666 51.3517 
51.9713 38.0 14.8661 27.4591 12.53 25.02 64.5624 70.565 0.0 78.6394 1.0 80.7539 60.7349 51.6624 112.212 53.9719 65.8817 84.0706 106.834 79.0253 26.8328 71.3284 76.2252 77.026 82.0062 71.4493 83.6456 17.1172 59.0762 77.6768 39.4462 37.0 62.2656 28.6531 54.8763 14.3178 60.5669 34.2053 20.5913 77.0275 29.2746 78.7723 69.3542 77.7958 27.5862 92.4786 87.4185 79.4292 99.6012 20.5913 79.8506 96.2166 50.0899 15.2971 72.9114 69.9078 31.0644 74.9387 42.72 86.2248 56.0 66.6086 65.0077 69.5096 63.0328 41.5933 39.2938 68.7897 80.3057 53.1601 
55.9017 78.1105 63.7888 61.0737 88.1192 54.4896 14.7648 54.4885 78.6394 0.0 78.3473 5.0 18.1108 42.0119 60.0083 73.1846 46.0977 60.4649 54.0 18.2483 64.1249 80.472 10.8167 96.9097 38.4838 28.4429 58.5235 94.7259 88.3585 50.2195 42.0 77.8781 43.8292 62.2013 23.7697 77.3886 18.3848 85.9884 65.2993 48.0104 49.9225 61.5549 14.7648 89.4986 95.0 46.5725 31.4006 109.388 58.6941 65.2993 1.41421 52.6308 31.0644 86.406 59.0339 16.4012 50.0899 13.6015 67.4839 76.0592 28.2843 50.3289 21.9545 56.0104 87.3467 72.3465 48.4149 55.2905 27.2947 96.1972 
51.1077 37.0 14.5602 26.6271 12.083 25.0 64.2227 69.7017 1.0 78.3473 0.0 80.4958 60.4401 51.923 111.609 53.0074 65.0185 83.2074 106.231 79.0063 25.9422 70.329 75.7579 76.0263 81.4033 71.5681 82.7823 17.0294 58.0775 76.8136 38.9487 36.0 61.4024 27.7849 54.5842 15.2315 60.2748 33.2415 21.095 76.1643 29.1548 77.909 69.2604 76.7964 26.8701 91.8757 86.8389 78.4474 98.7379 21.095 79.5585 95.3534 50.04 16.2788 72.0481 69.4406 30.5287 74.4714 41.7612 85.2603 56.0089 65.7454 65.0 68.6463 62.0333 40.6079 39.5601 67.9264 80.399 52.2015 
60.4152 82.0061 65.9373 64.4052 90.5539 56.0446 16.2788 59.4138 80.7539 5.0 80.4958 0.0 21.095 41.0122 64.0312 77.5911 50.9902 65.4599 58.0775 14.0 67.489 85.3384 15.8114 101.776 43.382 25.2982 63.5138 97.0155 92.765 55.2178 45.5164 81.7435 48.6004 65.622 26.0768 78.5493 20.2237 89.627 66.3099 53.0094 51.4805 66.5282 13.4536 94.3665 98.0816 51.2445 35.9026 114.42 63.3246 66.3099 5.38516 57.28 31.7805 87.6641 63.8905 21.2603 53.0094 18.6011 71.8277 81.0555 28.0179 55.2268 20.5183 60.8015 92.3779 76.7841 48.5489 60.0816 23.0217 100.541 
43.4832 63.3981 45.8803 45.5957 70.0357 37.72 7.07107 45.8327 60.7349 18.1108 60.4401 21.095 0.0 32.0156 64.846 60.4582 37.2611 55.1729 58.8218 26.4008 48.6794 70.6555 16.2788 87.0932 37.054 29.0689 53.6157 76.6877 75.5139 45.0949 24.4359 63.0989 33.6167 46.8125 6.40312 60.7063 5.09902 70.8404 48.8444 42.8992 33.1529 53.7688 15.5563 79.6836 77.026 47.3814 35.4683 97.2865 59.1354 48.8444 19.2354 53.2353 17.0 69.6588 49.2165 13.0 32.0156 16.4012 54.4236 68.9494 18.1108 41.3767 18.3848 45.8148 75.2449 58.2157 34.4093 45.0949 33.3017 82.2642 
69.9763 73.417 40.2492 52.5216 63.8905 28.6531 29.0689 76.5049 51.6624 42.0119 51.923 41.0122 32.0156 0.0 96.8401 76.482 66.9557 86.8585 90.802 32.6497 55.6012 99.1361 46.5188 105.333 69.2554 21.587 85.4431 68.6586 90.1425 76.9222 36.74 72.8171 63.8742 54.4534 27.1662 44.0 27.5136 75.3994 32.1403 74.7265 27.0185 84.7464 27.5862 109.529 76.4853 79.5125 67.3573 112.447 91.3191 32.1403 43.4166 85.3952 16.0 53.0377 79.0621 44.9222 40.032 47.5395 66.7133 99.9404 14.3178 72.1204 20.5183 75.6604 90.8405 70.113 12.3693 74.9405 30.5941 93.2378 
62.6267 87.9554 98.3199 85.4229 115.013 104.064 68.4471 47.0106 112.212 60.0083 111.609 64.0312 64.846 96.8401 0.0 67.5426 46.8615 36.4005 6.08276 78.0256 86.0543 67.4685 51.4782 79.0569 30.2324 88.2043 34.7851 122.16 82.7544 35.5106 73.8173 88.5836 50.9313 84.0865 71.4106 117.278 69.3758 98.1812 111.462 35.805 101.979 45.5412 73.437 70.0643 113.835 19.8494 29.6142 92.0217 15.2971 111.462 59.0 16.6433 81.9579 124.492 52.3259 51.923 81.3539 49.8197 78.6252 49.0102 82.7103 47.4342 79.9062 59.225 79.3692 80.7737 99.4053 55.7584 87.0517 96.6262 
17.5843 20.6155 47.2543 29.3225 52.6162 55.1415 66.2551 20.8806 53.9719 73.1846 53.0074 77.5911 60.4582 76.482 67.5426 0.0 25.02 32.2025 64.2573 85.2916 28.2635 27.5003 64.3259 33.6971 44.1814 86.6584 33.2866 59.1608 20.6155 32.573 40.2476 21.2603 25.4558 27.2644 60.34 65.643 65.044 30.8058 62.4578 32.9848 57.7196 22.8035 74.6645 33.9677 46.7547 50.0 55.0 41.2463 52.8394 62.4578 73.7049 51.0784 63.5374 69.2426 15.2315 57.384 37.8581 61.81 11.3137 32.2529 69.9764 22.0907 76.6441 29.2132 19.2047 13.4622 71.7743 14.0357 92.4655 31.0 
15.8739 42.7997 57.4285 38.5732 68.1637 63.245 43.0465 8.60233 65.8817 46.0977 65.0185 50.9902 37.2611 66.9557 46.8615 25.02 0.0 20.025 42.4382 61.2209 39.2046 34.4125 35.805 50.8501 19.6469 65.3935 19.2354 75.3108 44.911 12.53 32.9286 43.0727 5.09902 37.2369 43.6571 76.3862 41.8469 52.856 69.914 11.4018 61.1595 16.5529 51.3128 43.4166 67.082 27.4591 30.0167 62.9858 34.2053 69.914 46.2277 30.4138 53.507 80.6044 13.0384 29.7321 40.4625 33.0151 30.4336 31.7805 55.0823 4.24264 54.8206 12.4721 42.5216 35.278 64.499 11.0 69.0652 56.0089 
33.9628 52.8018 74.4347 56.7621 84.7741 83.1413 60.7454 14.3178 84.0706 60.4649 83.2074 65.4599 55.1729 86.8585 36.4005 32.2025 20.025 0.0 34.2345 77.4145 57.3935 31.257 49.6488 44.5533 23.4307 83.2166 2.23607 91.3187 46.3852 10.2956 52.8249 53.4299 25.0799 55.4258 61.569 93.7935 59.7587 63.0079 91.5133 12.53 81.0558 9.43398 68.542 35.6931 78.9211 22.561 34.6699 57.5587 21.1896 91.5133 60.2163 21.0238 72.1163 98.7933 17.6918 45.1774 62.0618 46.8722 43.4716 16.6433 72.9941 17.4642 72.7324 30.561 43.0 45.6201 84.3953 23.3238 85.8662 60.5595 
58.2739 84.5555 92.9421 80.9843 110.575 98.6036 62.3699 43.4626 106.834 54.0 106.231 58.0775 58.8218 90.802 6.08276 64.2573 42.4382 34.2345 0.0 72.0625 81.6157 65.4905 45.3982 78.0577 24.8395 82.1523 32.3883 117.722 80.5184 31.7805 68.4105 85.1836 46.2277 79.6479 65.3776 111.848 63.3246 94.7813 106.001 31.7648 96.5181 42.9535 67.3647 69.0652 109.482 15.0 23.5372 91.0879 14.3178 106.001 53.0094 13.3417 75.9249 119.114 49.0408 45.8803 75.976 43.7379 72.8337 48.2597 76.6551 43.4166 73.8241 54.8722 77.1332 77.3738 93.3724 51.8845 81.0987 93.8643 
68.3165 86.9945 65.0692 67.3573 90.0888 54.0093 19.4165 69.814 79.0253 18.2483 79.0063 14.0 26.4008 32.6497 78.0256 85.2916 61.2209 77.4145 72.0625 0.0 70.5195 95.1209 28.4605 111.559 56.3028 12.8062 75.591 96.0 100.347 67.1193 48.5841 86.5272 58.0517 68.9493 28.6356 74.5252 22.8254 93.3006 62.1691 64.8845 50.04 77.4209 11.1803 104.149 99.6393 64.7611 49.6488 122.12 76.9025 62.1691 19.105 70.8308 29.0172 83.7437 73.6614 32.249 55.0818 31.0161 79.0603 92.358 23.0868 65.437 14.0357 70.2896 100.078 82.8524 42.72 69.5698 9.05539 106.533 
25.2389 18.4391 19.105 3.16228 29.2062 27.576 52.1728 43.8879 26.8328 64.1249 25.9422 67.489 48.6794 55.6012 86.0543 28.2635 39.2046 57.3935 81.6157 70.5195 0.0 48.6232 58.2151 54.8179 57.9313 67.1193 56.9684 36.4005 38.0789 51.2337 22.3607 17.6918 35.5885 2.23607 42.2019 37.4833 48.2701 22.8473 34.5254 50.3504 30.154 52.0952 59.4811 55.0906 31.257 66.6195 65.5667 60.3738 73.1209 34.5254 65.0692 69.5395 43.4166 41.7852 46.2343 51.3517 15.6525 56.4358 17.0 60.5164 50.1199 39.9315 57.7754 42.8325 40.3275 17.72 44.5862 42.1126 74.7329 38.1838 
44.2425 33.3824 67.5669 50.4578 66.8111 76.178 76.4524 26.5817 71.3284 80.472 70.329 85.3384 70.6555 99.1361 67.4685 27.5003 34.4125 31.257 65.4905 95.1209 48.6232 0.0 70.2173 17.0294 50.2195 98.7879 33.1361 72.2795 15.6525 36.3456 62.9017 34.3788 37.0717 48.243 77.0516 84.4037 75.2413 40.3788 83.0761 37.6563 78.756 23.0217 84.8504 11.7047 56.3608 53.0094 61.8466 28.6356 52.1728 83.0761 80.6265 52.2398 87.0525 86.4599 21.4682 64.0815 60.4155 67.4253 32.6563 21.4009 89.4919 30.2336 88.215 40.8408 12.2956 30.9112 93.1881 27.5161 102.655 30.0187 
46.8188 70.5844 61.9936 55.3263 84.2021 53.987 17.4642 44.0454 76.2252 10.8167 75.7579 15.8114 16.2788 46.5188 51.4782 64.3259 35.805 49.6488 45.3982 28.4605 58.2151 70.2173 0.0 86.6549 27.8568 37.0135 47.7074 91.1089 79.4998 39.4081 37.108 70.4803 34.0 56.1427 22.6716 76.9733 19.4165 79.1012 65.1114 37.2022 49.4199 50.9117 22.0227 79.2023 89.4539 36.4966 22.0227 98.7906 48.6621 65.1114 10.6301 42.5793 32.8024 85.9258 48.8262 7.07107 45.607 2.82843 59.2284 65.2993 32.2025 40.0 28.4429 46.0789 77.4152 64.1327 50.448 45.359 37.3631 87.8009 
46.8635 39.0512 73.7564 56.6546 71.5681 82.3748 92.8901 42.9418 77.026 96.9097 76.0263 101.776 87.0932 105.333 79.0569 33.6971 50.8501 44.5533 78.0577 111.559 54.8179 17.0294 86.6549 0.0 65.7875 115.938 46.6905 76.4853 18.0278 51.5461 69.0985 40.05 53.5093 54.4059 89.6191 90.3549 94.3231 44.5533 89.2693 53.1413 84.9528 37.9473 101.288 9.0 59.4811 67.082 77.4919 13.0384 64.0 89.2693 97.0642 65.2763 92.3884 92.0054 37.9059 80.5191 66.6123 83.863 38.8531 30.0666 98.8273 46.6712 105.923 57.2784 18.4924 37.108 99.3849 43.9537 121.745 29.0689 
35.4401 62.3692 68.1142 57.2999 86.8904 73.8325 42.107 24.0832 82.0062 38.4838 81.4033 43.382 37.054 69.2554 30.2324 44.1814 19.6469 23.4307 24.8395 56.3028 57.9313 50.2195 27.8568 65.7875 0.0 63.9531 21.2603 94.0375 63.1269 14.3178 43.6005 62.6418 22.3607 55.9635 43.8241 87.009 42.0119 72.4224 81.2301 12.6491 71.747 27.8568 48.8365 57.3847 86.406 10.7703 11.7047 78.4474 22.0907 81.2301 38.0132 16.2788 54.3714 94.286 30.0666 25.1794 51.1481 25.2982 50.0031 40.0 55.2493 22.0907 54.231 32.0416 60.3095 54.8475 71.8189 30.4138 65.146 75.1066 
71.6155 84.5991 58.4637 64.0078 83.1865 46.8722 22.4722 73.965 71.4493 28.4429 71.5681 25.2982 29.0689 21.587 88.2043 86.6584 65.3935 83.2166 82.1523 12.8062 67.1193 98.7879 37.0135 115.938 63.9531 0.0 81.5966 88.5664 100.319 73.0548 46.4004 84.0595 61.7491 65.8635 28.4253 65.192 24.1868 89.8944 53.0377 70.8378 43.6807 81.9011 15.1327 107.816 94.378 73.3348 59.0 123.452 85.4751 53.0377 29.6142 79.404 23.7065 74.3303 77.3489 38.833 51.4782 39.1152 76.8904 97.0817 17.0 69.5091 10.8167 73.9471 101.445 80.604 33.0606 73.2272 9.05539 104.293 
33.5377 53.8445 74.0096 56.337 85.9276 82.1417 59.1354 14.4222 83.6456 58.5235 82.7823 63.5138 53.6157 85.4431 34.7851 33.2866 19.2354 2.23607 32.3883 75.591 56.9684 33.1361 47.7074 46.6905 21.2603 81.5966 0.0 93.0746 48.1403 8.544 51.8253 54.4727 24.3311 55.0007 60.0118 93.3684 58.2015 64.0703 88.8106 10.7703 80.0562 10.7703 66.8506 37.855 79.9639 20.3961 32.45 59.6825 19.6977 88.8106 58.2495 19.105 70.5591 98.3682 18.4391 43.382 59.3591 44.9444 44.5144 18.868 71.4369 17.088 71.1688 30.1359 44.7551 46.6628 83.3956 23.6008 84.0952 61.8996 
60.8112 39.8121 31.1448 38.2753 7.2111 42.0119 80.7527 79.994 17.1172 94.7259 17.0294 97.0155 76.6877 68.6586 122.16 59.1608 75.3108 91.3187 117.722 96.0 36.4005 72.2795 91.1089 76.4853 94.0375 88.5664 93.0746 0.0 58.6941 87.3399 54.0833 38.9102 71.6947 38.6005 71.0211 27.4591 76.7919 32.0156 37.0 86.495 46.0435 81.9366 86.1452 78.7464 18.1108 102.726 100.822 76.0263 109.227 37.0 95.901 105.646 67.0075 22.0227 74.1535 84.7585 45.5412 89.8109 48.6004 91.4137 73.0274 76.0377 82.0061 78.9386 63.9839 45.793 56.2939 78.2188 97.4166 49.0408 
32.7582 21.2132 56.6127 40.2492 53.6004 65.6111 81.3108 39.0512 59.0762 88.3585 58.0775 92.765 75.5139 90.1425 82.7544 20.6155 44.911 46.3852 80.5184 100.347 38.0789 15.6525 79.4998 18.0278 63.1269 100.319 48.1403 58.6941 0.0 50.04 53.9082 22.2036 45.7276 38.0132 74.0006 72.5603 80.0997 26.6833 72.1249 51.0 68.1891 37.6342 89.7202 20.5913 42.1545 67.2788 74.4312 22.4722 67.4819 72.1249 88.8787 67.1994 77.1981 74.0 33.0606 72.5578 51.0392 76.9838 23.4307 36.8917 83.637 41.4367 90.3048 49.4849 7.38516 20.5913 82.6213 34.2053 107.29 14.4222 
27.803 52.8018 68.5956 50.3683 80.1928 74.412 50.5964 11.7047 77.6768 50.2195 76.8136 55.2178 45.0949 76.9222 35.5106 32.573 12.53 10.2956 31.7805 67.1193 51.2337 36.3456 39.4081 51.5461 14.3178 73.0548 8.544 87.3399 50.04 0.0 44.0957 53.4299 17.4642 49.2659 51.4909 87.5532 49.6807 63.0276 81.081 2.23607 72.3266 13.6015 58.3095 43.0813 79.0111 17.4642 26.0 64.2884 21.9317 81.081 50.0 18.868 62.0382 92.3995 17.4642 34.8855 51.6295 36.6197 42.3627 26.1725 62.916 12.0416 62.6418 24.4012 43.0 45.6201 74.9379 20.2485 75.5844 62.8013 
33.7419 38.4708 25.0 19.2354 47.1275 29.8626 30.0499 41.0223 39.4462 42.0 38.9487 45.5164 24.4359 36.74 73.8173 40.2476 32.9286 52.8249 68.4105 48.5841 22.3607 62.9017 37.108 69.0985 43.6005 46.4004 51.8253 54.0833 53.9082 44.0957 0.0 38.0132 28.1807 20.6155 20.0958 43.7325 26.1528 44.9222 37.2603 42.2878 29.2775 49.2296 37.4697 73.8358 53.0 54.0833 48.2701 76.2498 63.7384 37.2603 43.0116 58.7532 23.3452 50.9588 43.3686 30.6757 8.544 35.7351 30.4796 64.2469 29.7321 36.4269 36.3593 39.9669 54.6061 34.2053 32.6169 39.247 53.3385 57.9828 
27.2029 1.0 34.9285 20.5183 32.8938 44.4492 68.8958 41.7276 37.0 77.8781 36.0 81.7435 63.0989 72.8171 88.5836 21.2603 43.0727 53.4299 85.1836 86.5272 17.6918 34.3788 70.4803 40.05 62.6418 84.0595 54.4727 38.9102 22.2036 53.4299 38.0132 0.0 40.7922 18.4391 58.0389 50.3587 64.096 9.84886 50.3289 53.7173 47.0272 44.0479 75.4129 40.8462 25.4951 70.5066 72.3671 43.6578 73.9679 50.3289 78.6448 72.0657 60.4649 52.0865 36.2648 63.4094 32.8024 68.2642 12.6491 53.4944 67.1193 43.6995 74.3034 46.6005 26.0832 8.06226 61.4594 45.8806 91.3017 20.5183 
14.0 40.6079 52.6806 34.9571 64.5476 58.4971 39.4136 12.6491 62.2656 43.8292 61.4024 48.6004 33.6167 63.8742 50.9313 25.4558 5.09902 25.0799 46.2277 58.0517 35.5885 37.0717 34.0 53.5093 22.3607 61.7491 24.3311 71.6947 45.7276 17.4642 28.1807 40.7922 0.0 33.6208 40.0127 71.6383 38.2025 50.448 65.1661 16.1245 56.4116 20.8806 47.8017 46.0998 64.0781 31.241 31.5753 65.6206 38.833 65.1661 44.1022 34.7131 50.4255 78.8524 15.6205 27.4591 35.7146 31.305 28.2843 36.0555 51.4379 8.24621 51.1762 12.2426 43.579 33.2415 59.7511 11.5228 65.6049 55.3263 
23.3238 19.105 20.0 2.23607 31.4006 28.0188 50.476 41.9201 28.6531 62.2013 27.7849 65.622 46.8125 54.4534 84.0865 27.2644 37.2369 55.4258 79.6479 68.9493 2.23607 48.243 56.1427 54.4059 55.9635 65.8635 55.0007 38.6005 38.0132 49.2659 20.6155 18.4391 33.6208 0.0 40.5216 38.833 46.579 24.3516 35.2278 48.3827 30.5968 50.1274 57.8705 54.7104 33.3766 64.6517 63.3699 60.4152 71.1531 35.2278 63.1269 67.5717 42.19 43.4626 44.2665 49.2544 14.4222 54.3323 16.1245 59.5173 48.8774 37.9637 56.3649 40.8647 39.9473 17.4642 45.029 40.1448 73.3485 38.9487 
49.8792 58.5062 40.0258 39.0512 64.4981 31.3215 10.0499 52.2287 54.8763 23.7697 54.5842 26.0768 6.40312 27.1662 71.4106 60.34 43.6571 61.569 65.3776 28.6356 42.2019 77.0516 22.6716 89.6191 43.8241 28.4253 60.0118 71.0211 74.0006 51.4909 20.0958 58.0389 40.0127 40.5216 0.0 54.3077 6.08276 64.8551 42.4382 49.2952 26.7544 60.1648 17.4642 86.0797 72.2496 54.0812 41.9863 97.1683 65.8878 42.4382 25.0 59.9639 11.4018 63.2603 55.6126 19.5149 27.1662 22.8102 50.572 75.3454 14.3178 47.7727 17.6918 52.2108 75.1267 54.364 28.3019 51.4909 34.2053 78.0448 
61.6941 51.3517 19.6977 37.108 25.4951 23.6008 62.6498 80.2878 14.3178 77.3886 15.2315 78.5493 60.7063 44.0 117.278 65.643 76.3862 93.7935 111.848 74.5252 37.4833 84.4037 76.9733 90.3549 87.009 65.192 93.3684 27.4591 72.5603 87.5532 43.7325 50.3587 71.6383 38.833 54.3077 0.0 59.0339 48.3839 12.3693 85.7453 28.6007 88.4951 66.0984 90.8711 41.4005 97.5443 92.0395 93.3916 107.196 12.3693 78.721 102.211 46.8188 9.21954 82.6342 73.8119 36.0737 77.1072 54.3323 97.8959 51.6624 76.3314 60.6383 79.2324 76.108 54.0093 32.1403 78.5125 74.2428 67.3573 
48.0689 64.5632 45.7164 45.1221 70.3491 36.1048 4.0 50.4185 60.5669 18.3848 60.2748 20.2237 5.09902 27.5136 69.3758 65.044 41.8469 59.7587 63.3246 22.8254 48.2701 75.2413 19.4165 94.3231 42.0119 24.1868 58.2015 76.7919 80.0997 49.6807 26.1528 64.096 38.2025 46.579 6.08276 59.0339 0.0 70.9122 47.0106 47.4849 31.5377 58.3546 11.6619 84.2694 78.3135 52.2398 39.8497 101.872 64.0703 47.0106 19.6977 58.1378 13.4536 68.0294 53.8023 17.4642 33.2415 20.1246 59.0094 73.5352 13.3417 45.9625 13.4164 50.4005 79.8307 62.8014 31.1448 49.6807 29.0 86.85 
37.0 10.2956 36.2353 26.0 27.074 46.7861 74.8092 51.3252 34.2053 85.9884 33.2415 89.627 70.8404 75.3994 98.1812 30.8058 52.856 63.0079 94.7813 93.3006 22.8473 40.3788 79.1012 44.5533 72.4224 89.8944 64.0703 32.0156 26.6833 63.0276 44.9222 9.84886 50.448 24.3516 64.8551 48.3839 70.9122 0.0 50.774 63.3149 49.3641 53.6004 82.2192 46.8188 16.4012 80.29 82.0 45.3982 83.5656 50.774 86.8332 81.6634 66.1891 48.3735 45.8624 72.0625 38.4838 77.026 22.4722 62.9326 72.8972 53.4829 80.6226 56.3839 32.0832 17.8885 63.7963 55.664 97.5756 18.9737 
56.911 51.264 15.5242 33.1361 33.121 13.0384 50.5371 78.0076 20.5913 65.2993 21.095 66.3099 48.8444 32.1403 111.462 62.4578 69.914 91.5133 106.001 62.1691 34.5254 83.0761 65.1114 89.2693 81.2301 53.0377 88.8106 37.0 72.1249 81.081 37.2603 50.3289 65.1661 35.2278 42.4382 12.3693 47.0106 50.774 0.0 79.2731 17.8045 86.2149 53.7587 89.5435 47.634 91.7792 85.5673 93.984 100.724 0.0 66.6483 95.7386 34.5398 21.587 80.354 61.95 29.6015 65.2453 51.3517 101.232 39.2938 73.4123 48.2701 76.9522 74.7805 52.1728 20.0 76.2323 62.0725 69.3542 
26.9581 53.0891 66.7877 49.719 79.348 72.6042 48.3839 12.1655 77.0275 48.0104 76.1643 53.0094 42.8992 74.7265 35.805 32.9848 11.4018 12.53 31.7648 64.8845 50.3504 37.6563 37.2022 53.1413 12.6491 70.8378 10.7703 86.495 51.0 2.23607 42.2878 53.7173 16.1245 48.3827 49.2952 85.7453 47.4849 63.3149 79.2731 0.0 70.5187 15.2315 56.0803 44.7772 78.1663 17.088 24.3516 65.8027 22.8035 79.2731 47.8017 19.2094 59.8425 92.9595 18.1108 32.6497 49.8216 34.4093 41.5179 28.2843 60.7203 11.6619 60.4401 23.5563 48.0435 45.9074 73.3167 20.1246 73.3485 63.5059 
52.0913 47.8955 15.0333 28.443 40.05 5.0 35.2889 69.2532 29.2746 49.9225 29.1548 51.4805 33.1529 27.0185 101.979 57.7196 61.1595 81.0558 96.5181 50.04 30.154 78.756 49.4199 84.9528 71.747 43.6807 80.0562 46.0435 68.1891 72.3266 29.2775 47.0272 56.4116 30.5968 26.7544 28.6007 31.5377 49.3641 17.8045 70.5187 0.0 77.4605 40.1123 85.2234 50.7404 82.2961 76.0841 90.3826 91.8943 17.8045 51.2318 86.9771 21.0238 37.2156 71.5995 46.2586 24.7818 49.5539 46.6909 92.4778 27.2947 64.6578 36.1248 68.1978 70.4604 47.8682 16.6433 67.4779 52.1728 66.9836 
28.6644 43.4166 69.1364 51.4638 75.3921 79.5459 59.5399 8.24621 78.7723 61.5549 77.909 66.5282 53.7688 84.7464 45.5412 22.8035 16.5529 9.43398 42.9535 77.4209 52.0952 23.0217 50.9117 37.9473 27.8568 81.9011 10.7703 81.9366 37.6342 13.6015 49.2296 44.0479 20.8806 50.1274 60.1648 88.4951 58.3546 53.6004 86.2149 15.2315 77.4605 0.0 67.7422 29.5466 69.5391 30.0 39.5601 50.6952 30.4631 86.2149 61.5224 29.6142 71.2978 93.4949 8.94427 45.4533 56.7634 48.0833 34.0896 15.2315 71.5899 12.6491 71.3282 25.2627 34.249 36.2381 80.7999 15.5242 85.44 51.1462 
57.6894 75.8801 55.0364 56.3205 80.0062 44.4072 8.48528 59.9083 69.3542 14.7648 69.2604 13.4536 15.5563 27.5862 73.437 74.6645 51.3128 68.542 67.3647 11.1803 59.4811 84.8504 22.0227 101.288 48.8365 15.1327 66.8506 86.1452 89.7202 58.3095 37.4697 75.4129 47.8017 57.8705 17.4642 66.0984 11.6619 82.2192 53.7587 56.0803 40.1123 67.7422 0.0 93.8785 88.955 58.2151 44.0454 111.493 70.3491 53.7587 16.1245 64.2806 19.4165 75.2861 63.4114 23.7697 44.1475 24.0208 67.946 82.8553 14.7648 55.4707 7.2111 60.0096 89.4512 71.738 35.3553 59.2897 17.8045 95.4188 
53.2706 39.8498 74.0343 56.9252 73.2785 82.6454 85.4805 35.2278 77.7958 89.4986 76.7964 94.3665 79.6836 109.529 70.0643 33.9677 43.4166 35.6931 69.0652 104.149 55.0906 11.7047 79.2023 9.0 57.3847 107.816 37.855 78.7464 20.5913 43.0813 73.8358 40.8462 46.0998 54.7104 86.0797 90.8711 84.2694 46.8188 89.5435 44.7772 85.2234 29.5466 93.8785 0.0 62.6498 58.2495 69.0797 22.0227 55.0 89.5435 89.6437 56.3205 96.0806 92.9274 30.4963 73.1095 66.8829 76.4003 39.1237 21.095 98.52 39.2046 97.2431 49.8689 18.7631 37.3786 99.6556 36.5442 111.683 34.0588 
51.4782 26.1725 36.2491 34.1321 16.1245 47.927 82.2982 67.2188 27.5862 95.0 26.8701 98.0816 77.026 76.4853 113.835 46.7547 67.082 78.9211 109.482 99.6393 31.257 56.3608 89.4539 59.4811 86.406 94.378 79.9639 18.1108 42.1545 79.0111 53.0 25.4951 64.0781 33.3766 72.2496 41.4005 78.3135 16.4012 47.634 78.1663 50.7404 69.5391 88.955 62.6498 0.0 94.516 95.1893 58.1378 99.4591 47.634 96.0052 97.323 71.1299 38.4838 61.756 82.6075 45.0999 87.6926 37.4433 78.9877 77.8175 67.7089 86.122 70.6099 48.0652 33.4215 64.4127 69.89 102.748 31.257 
43.3079 70.1599 78.5866 65.9881 95.5786 84.3816 52.0096 29.1204 92.4786 46.5725 91.8757 51.2445 47.3814 79.5125 19.8494 50.0 27.4591 22.561 15.0 64.7611 66.6195 53.0094 36.4966 67.082 10.7703 73.3348 20.3961 102.726 67.2788 17.4642 54.0833 70.5066 31.241 64.6517 54.0812 97.5443 52.2398 80.29 91.7792 17.088 82.2961 30.0 58.2151 58.2495 94.516 0.0 15.6525 80.0625 12.1655 91.7792 45.8803 6.08276 64.6285 104.758 34.9285 35.0143 61.6206 34.2345 57.8676 38.6264 65.4905 28.6356 64.0078 39.9061 64.1289 62.9783 82.076 37.1618 73.7564 80.2309 
45.3982 72.1803 73.2462 63.0188 93.6605 78.1696 38.833 35.5106 87.4185 31.4006 86.8389 35.9026 35.4683 67.3573 29.6142 55.0 30.0167 34.6699 23.5372 49.6488 65.5667 61.8466 22.0227 77.4919 11.7047 59.0 32.45 100.822 74.4312 26.0 48.2701 72.3671 31.5753 63.3699 41.9863 92.0395 39.8497 82.0 85.5673 24.3516 76.0841 39.5601 44.0454 69.0797 95.1893 15.6525 0.0 90.1388 27.5136 85.5673 30.5941 21.5407 52.5336 99.2658 41.4367 22.4722 56.4004 20.2237 59.8415 51.3128 53.1601 33.0606 50.3587 42.1321 71.7209 64.7765 69.981 41.0122 58.6941 86.0 
54.4127 42.72 78.5493 62.6498 72.111 87.8046 103.083 55.1543 79.4292 109.388 78.4474 114.42 97.2865 112.447 92.0217 41.2463 62.9858 57.5587 91.0879 122.12 60.3738 28.6356 98.7906 13.0384 78.4474 123.452 59.6825 76.0263 22.4722 64.2884 76.2498 43.6578 65.6206 60.4152 97.1683 93.3916 101.872 45.3982 93.984 65.8027 90.3826 50.6952 111.493 22.0227 58.1378 80.0625 90.1388 0.0 77.0065 93.984 109.638 78.3135 99.5397 93.771 50.0415 93.0007 73.4983 95.9986 45.8039 43.0116 105.979 58.8069 113.438 69.3779 26.0416 43.0465 104.815 54.1248 129.294 27.0 
49.6901 73.3398 88.2383 72.2927 102.08 94.0548 64.0078 32.8024 99.6012 58.6941 98.7379 63.3246 59.1354 91.3191 15.2971 52.8394 34.2053 21.1896 14.3178 76.9025 73.1209 52.1728 48.6621 64.0 22.0907 85.4751 19.6977 109.227 67.4819 21.9317 63.7384 73.9679 38.833 71.1531 65.8878 107.196 64.0703 83.5656 100.724 22.8035 91.8943 30.4631 70.3491 55.0 99.4591 12.1655 27.5136 77.0065 0.0 100.724 57.9741 6.08276 76.4351 114.41 37.7359 47.0106 71.2723 46.3897 64.0096 34.0588 77.3129 33.9411 76.0592 46.2884 64.0967 66.1581 95.2338 41.8688 85.9069 81.5973 
56.911 51.264 15.5242 33.1361 33.121 13.0384 50.5371 78.0076 20.5913 65.2993 21.095 66.3099 48.8444 32.1403 111.462 62.4578 69.914 91.5133 106.001 62.1691 34.5254 83.0761 65.1114 89.2693 81.2301 53.0377 88.8106 37.0 72.1249 81.081 37.2603 50.3289 65.1661 35.2278 42.4382 12.3693 47.0106 50.774 0.0 79.2731 17.8045 86.2149 53.7587 89.5435 47.634 91.7792 85.5673 93.984 100.724 0.0 66.6483 95.7386 34.5398 21.587 80.354 61.95 29.6015 65.2453 51.3517 101.232 39.2938 73.4123 48.2701 76.9522 74.7805 52.1728 20.0 76.2323 62.0725 69.3542 
56.3649 78.8753 65.0 62.0322 89.2693 55.7989 16.1245 54.5619 79.8506 1.41421 79.5585 5.38516 19.2354 43.4166 59.0 73.7049 46.2277 60.2163 53.0094 19.105 65.0692 80.6265 10.6301 97.0642 38.0132 29.6142 58.2495 95.901 88.8787 50.0 43.0116 78.6448 44.1022 63.1269 25.0 78.721 19.6977 86.8332 66.6483 47.8017 51.2318 61.5224 16.1245 89.6437 96.0052 45.8803 30.5941 109.638 57.9741 66.6483 0.0 51.923 32.45 87.7268 59.203 16.6433 51.1713 13.4536 68.0711 75.9276 29.6985 50.448 23.3238 56.2597 87.596 72.9337 49.8197 55.5398 28.1603 96.7844 
46.1149 71.4376 83.2531 68.9081 98.4986 87.6593 58.0 30.4138 96.2166 52.6308 95.3534 57.28 53.2353 85.3952 16.6433 51.0784 30.4138 21.0238 13.3417 70.8308 69.5395 52.2398 42.5793 65.2763 16.2788 79.404 19.105 105.646 67.1994 18.868 58.7532 72.0657 34.7131 67.5717 59.9639 102.211 58.1378 81.6634 95.7386 19.2094 86.9771 29.6142 64.2806 56.3205 97.323 6.08276 21.5407 78.3135 6.08276 95.7386 51.923 0.0 70.5112 109.425 35.8469 41.0 66.2871 40.3113 62.1074 35.9026 71.389 30.8058 70.0286 42.7131 63.8142 64.2559 87.9586 39.1152 79.8311 80.5294 
58.8649 61.0328 36.0555 40.3113 61.0737 25.0799 16.4012 63.0562 50.0899 31.0644 50.04 31.7805 17.0 16.0 81.9579 63.5374 53.507 72.1163 75.9249 29.0172 43.4166 87.0525 32.8024 92.3884 54.3714 23.7065 70.5591 67.0075 77.1981 62.0382 23.3452 60.4649 50.4255 42.19 11.4018 46.8188 13.4536 66.1891 34.5398 59.8425 21.0238 71.2978 19.4165 96.0806 71.1299 64.6285 52.5336 99.5397 76.4351 34.5398 32.45 70.5112 0.0 55.9732 65.6135 30.0623 27.7849 33.2866 53.7695 86.4917 6.7082 58.6718 15.1327 62.2117 77.896 57.3847 17.6918 61.4918 31.6228 80.8022 
66.694 53.0848 26.2488 42.0476 22.4722 32.249 71.6938 85.2876 15.2971 86.406 16.2788 87.6641 69.6588 53.0377 124.492 69.2426 80.6044 98.7933 119.114 83.7437 41.7852 86.4599 85.9258 92.0054 94.286 74.3303 98.3682 22.0227 74.0 92.3995 50.9588 52.0865 78.8524 43.4626 63.2603 9.21954 68.0294 48.3735 21.587 92.9595 37.2156 93.4949 75.2861 92.9274 38.4838 104.758 99.2658 93.771 114.41 21.587 87.7268 109.425 55.9732 0.0 87.634 82.7645 43.1856 86.0598 57.9741 101.496 60.8769 81.3313 69.857 84.2323 78.1643 56.8859 41.3038 83.5124 83.3847 67.082 
22.8035 35.6366 63.2754 45.6028 67.6089 73.685 55.0134 6.0 72.9114 59.0339 72.0481 63.8905 49.2165 79.0621 52.3259 15.2315 13.0384 17.6918 49.0408 73.6614 46.2343 21.4682 48.8262 37.9059 30.0666 77.3489 18.4391 74.1535 33.0606 17.4642 43.3686 36.2648 15.6205 44.2665 55.6126 82.6342 53.8023 45.8624 80.354 18.1108 71.5995 8.94427 63.4114 30.4963 61.756 34.9285 41.4367 50.0415 37.7359 80.354 59.203 35.8469 65.6135 87.634 0.0 42.638 50.9025 46.0435 26.3065 22.0907 68.0529 8.94427 66.776 19.4018 30.2843 28.4549 74.939 7.0 81.2158 45.3982 
39.9249 63.5135 55.3221 48.5077 77.7946 50.8257 17.0 38.1838 69.9078 16.4012 69.4406 21.2603 13.0 44.9222 51.923 57.384 29.7321 45.1774 45.8803 32.249 51.3517 64.0815 7.07107 80.5191 25.1794 38.833 43.382 84.7585 72.5578 34.8855 30.6757 63.4094 27.4591 49.2544 19.5149 73.8119 17.4642 72.0625 61.95 32.6497 46.2586 45.4533 23.7697 73.1095 82.6075 35.0143 22.4722 93.0007 47.0106 61.95 16.6433 41.0 30.0623 82.7645 42.638 0.0 39.2173 5.09902 52.1728 60.2163 30.8058 33.9706 29.0689 39.6228 70.9591 57.0701 47.5097 38.9029 40.7185 80.7775 
31.3567 33.4215 16.9706 12.53 38.6005 22.2038 37.2156 48.5561 31.0644 50.0899 30.5287 53.0094 32.0156 40.032 81.3539 37.8581 40.4625 62.0618 75.976 55.0818 15.6525 60.4155 45.607 66.6123 51.1481 51.4782 59.3591 45.5412 51.0392 51.6295 8.544 32.8024 35.7146 14.4222 27.1662 36.0737 33.2415 38.4838 29.6015 49.8216 24.7818 56.7634 44.1475 66.8829 45.0999 61.6206 56.4004 73.4983 71.2723 29.6015 51.1713 66.2871 27.7849 43.1856 50.9025 39.2173 0.0 44.2719 27.7849 71.7808 34.4819 43.9608 42.1545 47.5007 52.1199 30.6105 35.9089 46.7808 59.0931 53.2635 
44.2719 68.3593 60.353 53.6004 82.8613 54.121 18.6815 41.2311 74.9387 13.6015 74.4714 18.6011 16.4012 47.5395 49.8197 61.81 33.0151 46.8722 43.7379 31.0161 56.4358 67.4253 2.82843 83.863 25.2982 39.1152 44.9444 89.8109 76.9838 36.6197 35.7351 68.2642 31.305 54.3323 22.8102 77.1072 20.1246 77.026 65.2453 34.4093 49.5539 48.0833 24.0208 76.4003 87.6926 34.2345 20.2237 95.9986 46.3897 65.2453 13.4536 40.3113 33.2866 86.0598 46.0435 5.09902 44.2719 0.0 56.8859 62.482 33.2415 37.2022 30.1496 43.3553 74.6916 61.8142 50.8035 42.6354 39.8497 85.3756 
14.5602 12.3693 36.0555 18.2483 41.8808 44.1129 60.2205 31.7692 42.72 67.4839 41.7612 71.8277 54.4236 66.7133 78.6252 11.3137 30.4336 43.4716 72.8337 79.0603 17.0 32.6563 59.2284 38.8531 50.0031 76.8904 44.5144 48.6004 23.4307 42.3627 30.4796 12.6491 28.2843 16.1245 50.572 54.3323 59.0094 22.4722 51.3517 41.5179 46.6909 34.0896 67.946 39.1237 37.4433 57.8676 59.8415 45.8039 64.0096 51.3517 68.0711 62.1074 53.7695 57.9741 26.3065 52.1728 27.7849 56.8859 0.0 43.5666 60.2084 31.0605 66.8761 33.9615 24.3607 5.0 61.1231 33.2416 83.8616 28.7924 
43.6818 52.8239 79.5072 61.5754 84.8691 94.5633 74.7061 23.4094 86.2248 76.0592 85.2603 81.0555 68.9494 99.9404 49.0102 32.2529 31.7805 16.6433 48.2597 92.358 60.5164 21.4009 65.2993 30.0666 40.0 97.0817 18.868 91.4137 36.8917 26.1725 64.2469 53.4944 36.0555 59.5173 75.3454 97.8959 73.5352 62.9326 101.232 28.2843 92.4778 15.2315 82.8553 21.095 78.9877 38.6264 51.3128 43.0116 34.0588 101.232 75.9276 35.9026 86.4917 101.496 22.0907 60.2163 71.7808 62.482 43.5666 0.0 86.7706 27.8568 86.5088 40.28 33.6228 45.7151 95.8173 29.0689 100.499 51.3128 
61.3043 67.6757 42.2966 47.0106 67.2681 31.0161 14.7648 63.6538 56.0 28.2843 56.0089 28.0179 18.1108 14.3178 82.7103 69.9764 55.0823 72.9941 76.6551 23.0868 50.1199 89.4919 32.2025 98.8273 55.2493 17.0 71.4369 73.0274 83.637 62.916 29.7321 67.1193 51.4379 48.8774 14.3178 51.6624 13.3417 72.8972 39.2938 60.7203 27.2947 71.5899 14.7648 98.52 77.8175 65.4905 53.1601 105.979 77.3129 39.2938 29.6985 71.389 6.7082 60.8769 68.0529 30.8058 34.4819 33.2415 60.2084 86.7706 0.0 59.1979 9.05539 64.6512 84.3349 63.8905 20.5913 63.9313 25.0 87.4185 
16.5008 43.4266 56.9727 39.3001 68.8906 66.7433 47.1699 4.47214 66.6086 50.3289 65.7454 55.2268 41.3767 72.1204 47.4342 22.0907 4.24264 17.4642 43.4166 65.437 39.9315 30.2336 40.0 46.6712 22.0907 69.5091 17.088 76.0377 41.4367 12.0416 36.4269 43.6995 8.24621 37.9637 47.7727 76.3314 45.9625 53.4829 73.4123 11.6619 64.6578 12.6491 55.4707 39.2046 67.7089 28.6356 33.0606 58.8069 33.9411 73.4123 50.448 30.8058 58.6718 81.3313 8.94427 33.9706 43.9608 37.2022 31.0605 27.8568 59.1979 0.0 58.9361 13.099 38.8782 35.9049 67.9973 8.544 73.2393 53.0377 
61.0426 74.793 51.1566 54.626 76.1643 40.0 12.1655 63.3921 65.0077 21.9545 65.0 20.5183 18.3848 20.5183 79.9062 76.6441 54.8206 72.7324 73.8241 14.0357 57.7754 88.215 28.4429 105.923 54.231 10.8167 71.1688 82.0061 90.3048 62.6418 36.3593 74.3034 51.1762 56.3649 17.6918 60.6383 13.4164 80.6226 48.2701 60.4401 36.1248 71.3282 7.2111 97.2431 86.122 64.0078 50.3587 113.438 76.0592 48.2701 23.3238 70.0286 15.1327 69.857 66.776 29.0689 42.1545 30.1496 66.8761 86.5088 9.05539 58.9361 0.0 63.3742 91.4309 70.5947 29.1548 62.6543 17.0 94.349 
19.4018 46.3275 59.8737 42.2011 71.7916 70.2833 51.6117 17.0554 69.5096 56.0104 68.6463 60.8015 45.8148 75.6604 59.225 29.2132 12.4721 30.561 54.8722 70.2896 42.8325 40.8408 46.0789 57.2784 32.0416 73.9471 30.1359 78.9386 49.4849 24.4012 39.9669 46.6005 12.2426 40.8647 52.2108 79.2324 50.4005 56.3839 76.9522 23.5563 68.1978 25.2627 60.0096 49.8689 70.6099 39.9061 42.1321 69.3779 46.2884 76.9522 56.2597 42.7131 62.2117 84.2323 19.4018 39.6228 47.5007 43.3553 33.9615 40.28 64.6512 13.099 63.3742 0.0 47.3363 38.8058 71.5373 15.2801 77.814 60.0865 
32.3711 25.0868 59.2713 42.1622 58.5155 67.8823 81.0418 36.2345 63.0328 87.3467 62.0333 92.3779 75.2449 90.8405 79.3692 19.2047 42.5216 43.0 77.1332 100.078 40.3275 12.2956 77.4152 18.4924 60.3095 101.445 44.7551 63.9839 7.38516 43.0 54.6061 26.0832 43.579 39.9473 75.1267 76.108 79.8307 32.0832 74.7805 48.0435 70.4604 34.249 89.4512 18.7631 48.0652 64.1289 71.7209 26.0416 64.0967 74.7805 87.596 63.8142 77.896 78.1643 30.2843 70.9591 52.1199 74.6916 24.3607 33.6228 84.3349 38.8782 91.4309 47.3363 0.0 22.6155 84.8925 32.0832 107.252 21.7231 
19.4165 7.61577 36.6742 19.6977 39.3573 45.2902 64.0125 33.9177 41.5933 72.3465 40.6079 76.7841 58.2157 70.113 80.7737 13.4622 35.278 45.6201 77.3738 82.8524 17.72 30.9112 64.1327 37.108 54.8475 80.604 46.6628 45.793 20.5913 45.6201 34.2053 8.06226 33.2415 17.4642 54.364 54.0093 62.8014 17.8885 52.1728 45.9074 47.8682 36.2381 71.738 37.3786 33.4215 62.9783 64.7765 43.0465 66.1581 52.1728 72.9337 64.2559 57.3847 56.8859 28.4549 57.0701 30.6105 61.8142 5.0 45.7151 63.8905 35.9049 70.5947 38.8058 22.6155 0.0 62.3004 38.086 87.5801 24.1661 
65.8532 62.3276 28.3019 42.8752 51.5461 17.0294 33.9706 72.5926 39.2938 48.4149 39.5601 48.5489 34.4093 12.3693 99.4053 71.7743 64.499 84.3953 93.3724 42.72 44.5862 93.1881 50.448 99.3849 71.8189 33.0606 83.3956 56.2939 82.6213 74.9379 32.6169 61.4594 59.7511 45.029 28.3019 32.1403 31.1448 63.7963 20.0 73.3167 16.6433 80.7999 35.3553 99.6556 64.4127 82.076 69.981 104.815 95.2338 20.0 49.8197 87.9586 17.6918 41.3038 74.939 47.5097 35.9089 50.8035 61.1231 95.8173 20.5913 67.9973 29.1548 71.5373 84.8925 62.3004 0.0 70.8174 42.107 81.4157 
18.6819 45.6076 59.1538 41.4812 71.0717 69.5634 50.8918 9.21954 68.7897 55.2905 67.9264 60.0816 45.0949 74.9405 55.7584 14.0357 11.0 23.3238 51.8845 69.5698 42.1126 27.5161 45.359 43.9537 30.4138 73.2272 23.6008 78.2188 34.2053 20.2485 39.247 45.8806 11.5228 40.1448 51.4909 78.5125 49.6807 55.664 76.2323 20.1246 67.4779 15.5242 59.2897 36.5442 69.89 37.1618 41.0122 54.1248 41.8688 76.2323 55.5398 39.1152 61.4918 83.5124 7.0 38.9029 46.7808 42.6354 33.2416 29.0689 63.9313 8.544 62.6543 15.2801 32.0832 38.086 70.8174 0.0 77.0941 45.0111 
75.4905 91.7878 67.082 71.5891 91.9239 55.5788 26.2488 77.666 80.3057 27.2947 80.399 23.0217 33.3017 30.5941 87.0517 92.4655 69.0652 85.8662 81.0987 9.05539 74.7329 102.655 37.3631 121.745 65.146 9.05539 84.0952 97.4166 107.29 75.5844 53.3385 91.3017 65.6049 73.3485 34.2053 74.2428 29.0 97.5756 62.0725 73.3485 52.1728 85.44 17.8045 111.683 102.748 73.7564 58.6941 129.294 85.9069 62.0725 28.1603 79.8311 31.6228 83.3847 81.2158 40.7185 59.0931 39.8497 83.8616 100.499 25.0 73.2393 17.0 77.814 107.252 87.5801 42.107 77.0941 0.0 111.334 
