NAME  : Jabali_70_3_0.85_1_8
TYPE : SVRP
MODEL : FINITE_SUPPORT
NUMBER_OF_SCENARIOS : 200
DIMENSION : 70
EDGE_WEIGHT_TYPE : MATRIX
CAPACITY : 154
N_VEHICLES : 3
NODE_COORD_SECTION
1 4044 5804
2 5228 8017
3 4322 3876
4 5129 6257
5 6258 2785
6 5400 915
7 5382 1705
8 5919 1353
9 3485 5049
10 3243 3166
11 1624 8937
12 1829 9457
13 2068 2027
14 4218 2717
15 5506 4808
16 1012 7306
17 5494 4167
18 5171 1421
19 4230 1170
20 6396 4597
21 4711 7651
22 825 6872
23 4396 5200
24 2980 6510
25 4558 736
26 1342 2298
27 3694 6989
28 854 4020
29 474 2640
30 848 3793
31 355 2387
32 4124 5209
33 2317 5644
34 5261 6808
35 2398 7916
36 1363 2072
37 4507 8000
38 4969 7002
39 2420 4096
40 1706 3663
41 2886 5454
42 5598 1200
43 1397 6220
44 1392 3928
45 3567 693
46 2587 8519
47 4783 4932
48 7167 5127
49 4136 3475
50 6995 5450
51 3551 3347
52 3034 877
53 568 4023
54 4964 6848
55 5747 4578
56 3417 1569
57 5958 817
58 4204 1539
59 5495 3230
60 27 2827
61 2341 4989
62 1711 7669
63 6502 6592
64 669 5557
65 988 7947
66 5678 18
67 5370 4707
68 6887 4886
69 2130 4717
70 343 5679
DEMAND_SECTION
1 0.0
2 6.0
3 9.0
4 4.0
5 3.0
6 9.0
7 7.0
8 8.0
9 4.0
10 6.0
11 3.0
12 2.0
13 2.0
14 8.0
15 3.0
16 9.0
17 4.0
18 10.0
19 6.0
20 9.0
21 5.0
22 2.0
23 9.0
24 10.0
25 4.0
26 1.0
27 7.0
28 9.0
29 4.0
30 4.0
31 9.0
32 1.0
33 10.0
34 7.0
35 9.0
36 8.0
37 10.0
38 9.0
39 9.0
40 4.0
41 6.0
42 6.0
43 2.0
44 3.0
45 8.0
46 2.0
47 1.0
48 7.0
49 1.0
50 4.0
51 8.0
52 1.0
53 10.0
54 9.0
55 6.0
56 10.0
57 6.0
58 9.0
59 5.0
60 9.0
61 10.0
62 4.0
63 2.0
64 3.0
65 4.0
66 2.0
67 1.0
68 6.0
69 6.0
70 1.0
DEVIATION_SECTION
1 0.0
2 2.0
3 3.0
4 1.33333
5 1.0
6 3.0
7 2.33333
8 2.66667
9 1.33333
10 2.0
11 1.0
12 0.666667
13 0.666667
14 2.66667
15 1.0
16 3.0
17 1.33333
18 3.33333
19 2.0
20 3.0
21 1.66667
22 0.666667
23 3.0
24 3.33333
25 1.33333
26 0.333333
27 2.33333
28 3.0
29 1.33333
30 1.33333
31 3.0
32 0.333333
33 3.33333
34 2.33333
35 3.0
36 2.66667
37 3.33333
38 3.0
39 3.0
40 1.33333
41 2.0
42 2.0
43 0.666667
44 1.0
45 2.66667
46 0.666667
47 0.333333
48 2.33333
49 0.333333
50 1.33333
51 2.66667
52 0.333333
53 3.33333
54 3.0
55 2.0
56 3.33333
57 2.0
58 3.0
59 1.66667
60 3.0
61 3.33333
62 1.33333
63 0.666667
64 1.0
65 1.33333
66 0.666667
67 0.333333
68 2.0
69 2.0
70 0.333333
DISTANCE_MATRIX
0.0 34.2345 25.3441 15.0 48.4679 68.6838 59.8259 67.469 17.2195 39.6382 54.8758 60.0162 56.4266 39.5049 22.0227 46.5296 27.2029 61.6218 60.5309 35.0143 27.0 46.0109 10.6301 18.0278 66.9121 57.2002 19.4165 47.5079 61.7342 48.4149 64.4554 8.94427 22.4722 20.5913 38.0876 59.1187 30.2655 18.9737 29.0599 39.8248 15.2643 66.8477 36.3456 41.6173 68.2131 45.781 14.7648 43.8476 30.3245 42.3631 35.5356 69.2999 50.2494 20.2485 26.0768 58.743 73.4223 56.0619 37.9824 64.6607 24.0832 41.7852 36.1448 45.31 51.2445 81.3622 21.095 40.6364 27.5862 49.0408 
34.2345 0.0 60.0696 25.0 68.3308 92.8839 83.1563 87.5716 51.9451 74.3637 49.0918 49.163 90.6236 74.2304 44.8732 56.8445 49.8437 86.8327 95.2564 45.2769 8.06226 60.4667 42.6658 35.5142 101.638 90.3812 25.3181 78.2624 94.578 79.6241 97.4064 42.0583 48.917 17.088 37.3363 92.2997 8.94427 16.1245 62.2409 72.7324 45.31 89.3482 57.2485 73.5391 102.939 35.3553 44.8827 44.4185 65.05 40.3113 70.2611 104.025 80.5295 15.2971 43.8849 93.4685 94.2645 90.7874 62.1332 96.7729 54.626 47.0106 23.7697 69.4848 56.3028 104.869 46.2874 45.0 58.6941 72.4989 
25.3441 60.0696 0.0 40.0529 31.4006 43.8634 34.7131 42.2019 24.1245 16.3137 74.8527 80.0086 41.6631 15.8114 20.8062 62.7694 16.6433 36.7967 36.7696 29.2062 53.2477 60.7289 25.1799 37.3377 42.9418 47.0439 42.6952 50.2217 56.8556 49.9444 58.8145 22.2073 34.2053 45.7054 58.08 48.2187 56.9787 44.3707 28.5153 38.6155 26.5707 41.7732 49.4773 42.9473 44.4722 65.7734 22.0258 41.0905 7.0 41.4069 12.2111 45.559 53.3839 45.5771 20.8685 35.0022 48.2701 32.311 19.2354 61.6127 30.0167 60.2267 47.7584 54.0 68.884 56.6392 19.8773 36.8782 31.1448 58.0 
15.0 25.0 40.0529 0.0 47.6167 77.7431 67.9073 66.8575 31.9284 54.3471 59.8435 62.6099 71.1355 54.2137 24.1591 57.0789 29.1296 71.1006 75.2397 25.632 20.2485 57.7062 22.6491 28.2843 81.6209 72.4699 22.8035 62.4976 76.6909 63.4135 79.4121 22.0416 36.7151 8.06226 43.7701 74.3884 25.0 9.43398 44.0167 54.7815 30.0 74.6991 49.3356 56.6154 82.9219 46.0977 24.8661 31.0161 45.0334 28.2843 50.2445 84.0087 65.2268 9.84886 23.1708 73.4519 80.4559 70.7708 41.4191 79.6419 39.0 50.2494 21.2132 59.4811 60.208 90.3279 25.5733 29.1548 42.5576 63.0714 
48.4679 68.3308 31.4006 47.6167 0.0 27.0185 18.6815 20.2237 54.8402 39.8121 103.204 108.149 56.6709 27.8568 29.6985 93.659 22.0227 22.8035 33.6155 24.3516 65.997 91.9239 55.8955 66.4833 34.7851 66.5016 66.1465 75.3127 78.9394 74.7329 80.0179 52.9229 65.5134 52.5514 86.4154 66.4886 70.9885 55.7675 55.1453 63.3482 57.7235 23.0 80.8084 68.0661 44.4185 91.6074 33.9177 33.0151 33.0 36.2215 37.2156 48.4149 78.4474 55.5287 26.2488 39.6232 26.6833 31.4006 12.1655 84.1306 61.2944 90.2497 49.98 85.1469 99.6448 37.6563 29.7321 29.1548 62.0322 89.1403 
68.6838 92.8839 43.8634 77.7431 27.0185 0.0 9.84886 8.06226 67.4643 42.4853 118.191 123.339 47.0956 30.2324 52.0 105.062 44.0114 7.07107 16.1245 50.4876 90.9379 101.423 68.5197 80.6775 11.6619 57.2189 86.0349 74.1485 70.2567 72.8354 70.5762 65.547 76.2078 77.1045 101.41 56.4358 94.6689 82.0609 58.7728 62.5859 69.014 4.12311 89.7847 67.6831 24.5967 109.104 53.9409 60.0 42.3609 63.0714 42.72 31.0161 76.9415 83.2673 49.6488 28.0 7.07107 18.1108 31.0161 76.2365 68.8591 103.369 75.71 90.0567 111.705 12.8062 51.4782 56.0357 67.5502 93.8571 
59.8259 83.1563 34.7131 67.9073 18.6815 9.84886 0.0 8.24621 58.6063 35.4401 109.335 114.49 44.643 22.4722 42.1545 96.4687 34.176 4.12311 16.2788 41.1096 81.1021 94.0167 59.6617 71.8195 16.1555 54.8179 76.286 69.1216 67.6831 68.0294 68.4105 56.6891 67.4697 67.3769 92.5618 54.4059 84.8331 72.2251 51.923 57.226 60.2759 7.07107 82.5522 62.2922 26.9072 100.255 44.1051 51.1566 33.6228 54.0093 34.9285 32.0156 72.0625 73.4314 39.8497 25.632 13.6015 15.6525 21.1896 73.5459 61.6266 94.6256 66.0984 83.2406 102.967 22.4722 41.6293 47.0425 60.407 87.0919 
67.469 87.5716 42.2019 66.8575 20.2237 8.06226 8.24621 0.0 66.2495 43.6807 116.993 122.134 51.9711 30.6757 47.5079 104.292 39.4462 9.21954 21.9317 44.3847 85.2378 101.84 67.3048 79.4627 19.105 62.1691 82.2049 77.2334 75.1332 76.1052 75.71 64.3322 75.2931 71.7922 100.205 61.6117 90.752 75.0083 60.1664 65.4211 68.0993 4.24264 90.3677 70.4873 31.6228 107.898 50.024 53.1507 41.4462 56.4358 43.0813 37.5899 80.1561 74.7695 44.7214 32.7567 6.7082 22.561 26.6271 81.0494 69.8367 102.343 69.9214 91.4822 110.788 17.4642 47.1699 49.366 68.6222 95.3362 
17.2195 51.9451 24.1245 31.9284 54.8402 67.4643 58.6063 66.2495 0.0 38.4187 66.7436 71.8841 55.2071 38.2853 33.2982 54.8188 36.0179 60.4023 59.3113 46.3275 44.0555 53.1221 17.0554 29.2132 65.6925 56.5415 34.5707 47.6232 61.0755 48.3113 63.7967 14.0828 27.0263 37.5809 49.9555 58.46 47.0512 36.2462 28.4012 39.166 19.0454 65.6281 42.2345 41.3017 66.9935 57.6489 23.1327 56.3322 29.105 55.401 34.3161 68.0803 50.5206 37.4526 36.8617 57.5235 72.2028 54.8424 42.7851 64.0623 25.4642 52.1022 53.0732 48.7922 60.7731 80.1427 32.0416 52.9444 28.2485 52.7214 
39.6382 74.3637 16.3137 54.3471 39.8121 42.4853 35.4401 43.6807 38.4187 0.0 80.3225 86.3648 25.3494 13.1529 35.7149 62.5763 31.1127 35.8469 32.2064 43.8406 66.4742 58.9373 39.4741 46.3315 38.6972 30.7302 55.7322 35.5106 40.6079 34.9285 42.5206 36.5014 34.5319 59.9995 64.8992 31.905 69.4699 58.6649 16.4924 23.5372 31.9242 41.7852 47.2994 28.2843 39.8885 72.5982 36.9345 55.9017 13.3137 56.3156 4.47214 39.1166 38.6394 59.8712 35.7772 30.4185 48.4665 27.7374 28.7924 45.4863 26.3738 63.6925 62.6671 47.8017 70.2144 54.5082 34.786 51.6236 25.0799 51.6624 
54.8758 49.0918 74.8527 59.8435 103.204 118.191 109.335 116.993 66.7436 80.3225 0.0 7.0 92.1358 89.0135 77.2905 24.0208 81.6755 111.126 110.04 85.4606 45.1774 30.0167 65.0895 37.5366 116.421 90.1388 48.462 68.4471 87.6641 70.6116 90.6091 62.6608 45.793 56.5155 17.2047 92.358 41.0122 52.6308 65.8635 70.9366 50.448 116.356 37.108 68.3081 112.88 14.1421 69.6338 89.2693 79.8332 85.703 85.0443 108.065 68.884 53.3667 83.0018 101.418 122.931 105.571 92.718 86.7006 54.2033 17.088 71.2531 48.0937 16.4924 130.871 76.6172 88.3233 57.2451 48.0104 
60.0162 49.163 80.0086 62.6099 108.149 123.339 114.49 122.134 71.8841 86.3648 7.0 0.0 98.4886 94.1673 80.0886 31.0161 86.384 116.286 114.965 88.1419 46.3249 37.0135 70.23 42.6796 121.575 96.7678 51.2602 75.3127 94.541 77.4661 97.4936 67.8012 51.8845 58.5235 22.0227 98.9798 41.7732 54.7814 72.0069 77.4919 56.0357 121.512 43.9318 75.0 118.922 16.6433 74.7743 91.0934 84.987 87.3613 89.9698 114.168 75.8024 55.3624 85.8 107.46 128.087 110.724 97.8585 93.6483 60.3738 23.7697 72.1803 55.0818 23.3452 136.025 79.4154 90.4765 63.561 55.0091 
56.4266 90.6236 41.6631 71.1355 56.6709 47.0956 44.643 51.9711 55.2071 25.3494 92.1358 98.4886 0.0 35.3613 60.9844 71.8471 56.4621 42.7551 31.0161 69.19 81.2538 67.0075 56.2624 59.2284 37.1214 10.198 68.819 30.5287 23.1948 28.6531 23.7697 53.2898 46.8188 76.7879 77.4919 9.84886 83.4176 75.4533 26.9258 22.0227 44.8415 48.5077 56.3028 26.1725 26.2488 85.2203 62.2039 81.2443 38.6631 81.5116 29.6562 19.6977 32.6497 76.6596 60.8972 19.2354 54.1479 29.4279 49.7481 29.1548 38.2753 75.1332 87.9365 50.9313 80.1561 55.4437 60.0554 76.9721 34.9285 53.9073 
39.5049 74.2304 15.8114 54.2137 27.8568 30.2324 22.4722 30.6757 38.2853 13.1529 89.0135 94.1673 35.3613 0.0 31.5372 76.0263 25.632 23.3238 21.026 37.5899 67.4085 71.7245 39.3407 51.4916 27.4591 45.192 56.856 48.1664 51.2512 47.3814 53.0813 36.3681 47.0272 59.8662 72.2387 45.179 71.1395 58.5315 29.6142 36.1248 39.8334 29.0689 60.0866 41.0488 28.7082 79.9321 32.7567 49.7393 13.1803 50.9902 12.53 29.795 51.2445 59.7379 31.3209 19.2382 35.7771 16.5571 18.4391 56.3222 39.161 74.1883 58.3869 60.8769 82.5246 42.638 30.6083 45.2769 37.9473 64.7611 
22.0227 44.8732 20.8062 24.1591 29.6985 52.0 42.1545 47.5079 33.2982 35.7149 77.2905 80.0886 60.9844 31.5372 0.0 68.469 8.06226 45.5412 50.1597 13.1529 42.5394 68.0294 16.5529 39.6232 54.9181 66.3652 38.086 68.0014 76.2568 68.4837 78.2157 19.3132 43.566 29.0938 58.6589 67.5399 47.5309 32.3099 48.4005 58.0167 35.6931 48.7545 58.1378 61.3711 59.0339 63.5469 10.8167 23.3238 26.4012 22.6716 31.6123 60.1557 71.0276 32.0711 4.12311 49.5988 54.2033 46.0435 21.0238 81.0139 42.7625 63.0635 28.0949 65.9697 72.7805 64.405 1.41421 19.6977 45.5467 69.857 
46.5296 56.8445 62.7694 57.0789 93.659 105.062 96.4687 104.292 54.8188 62.5763 24.0208 31.0161 71.8471 76.0263 68.469 0.0 73.5459 98.1476 94.7827 81.2219 50.3988 6.0 55.0818 29.0172 101.274 68.4251 36.1386 45.5412 64.56 47.7598 67.4463 52.2015 29.1548 57.0701 20.5183 70.6612 47.9011 53.1507 47.3814 49.93 36.2491 103.446 15.6205 46.5296 94.1125 26.6271 60.6383 88.0909 66.846 85.2877 63.1269 89.2749 45.607 54.3415 72.5603 82.6499 110.068 90.3138 81.6039 63.1506 36.2353 10.6301 74.2175 24.3311 8.544 117.085 67.6018 86.0 38.1838 24.0 
27.2029 49.8437 16.6433 29.1296 22.0227 44.0114 34.176 39.4462 36.0179 31.1127 81.6755 86.384 56.4621 25.632 8.06226 73.5459 0.0 37.6431 43.0 12.7279 47.5099 72.5603 19.0 45.2217 47.3814 61.8429 44.3813 64.0978 71.6546 64.7434 73.6135 22.0 47.0 34.0643 64.8874 63.0177 52.5015 37.2805 44.4969 53.4145 39.0 40.7185 62.0725 57.7463 52.345 69.8422 13.0384 24.8395 21.799 25.5539 27.0101 53.6809 67.124 37.0416 6.0 43.1241 46.1411 39.0512 13.0 76.4117 44.731 68.9493 33.0654 68.6212 78.4474 56.3649 7.81025 20.5183 46.5725 72.5921 
61.6218 86.8327 36.7967 71.1006 22.8035 7.07107 4.12311 9.21954 60.4023 35.8469 111.126 116.286 42.7551 23.3238 45.5412 98.1476 37.6431 0.0 13.0384 45.0444 84.2954 94.7609 61.4577 73.6155 12.083 52.9528 78.973 68.469 65.9242 67.2681 66.4906 58.4851 69.1485 71.0533 94.3578 52.3927 88.0264 75.4184 52.2015 56.7338 61.9547 6.08276 83.1231 61.8328 23.3452 102.051 47.2984 55.2268 35.3017 58.0345 35.8469 28.8444 71.3442 76.6248 43.4166 23.5372 12.6491 13.3417 24.7386 71.8471 62.1975 96.3096 69.8713 83.4877 104.646 19.8494 44.9444 51.0882 60.9262 87.2881 
60.5309 95.2564 36.7696 75.2397 33.6155 16.1245 16.2788 21.9317 59.3113 32.2064 110.04 114.965 31.0161 21.026 50.1597 94.7827 43.0 13.0384 0.0 52.7731 88.4346 90.9794 60.3667 72.5177 7.2111 41.1096 77.882 58.9406 54.1479 57.4891 54.4518 57.3941 66.7382 80.8922 93.2647 40.3113 92.1656 79.5575 47.1178 47.7598 64.1306 18.0278 79.3178 52.811 10.8167 100.958 51.4096 64.0312 34.2064 66.2873 32.7569 15.8114 61.6117 80.7639 49.0 12.1655 23.1948 4.47214 31.4006 60.1332 58.5802 95.8988 76.0329 76.1122 102.421 25.2982 49.2611 59.6657 56.1263 79.653 
35.0143 45.2769 29.2062 25.632 24.3516 50.4876 41.1096 44.3847 46.3275 43.8406 85.4606 88.1419 69.19 37.5899 13.1529 81.2219 12.7279 45.0444 52.7731 0.0 43.6005 81.0 29.4109 52.2398 56.0803 74.5708 48.3937 76.4026 84.3825 76.885 86.3414 32.28 56.7186 30.2324 70.5053 75.7456 48.6004 33.6155 56.8018 66.4179 48.8365 46.6905 71.2531 69.7723 62.8172 71.6938 23.4094 12.2066 34.5269 13.6015 39.738 64.846 79.4288 33.2866 9.48683 54.3151 50.9608 49.2443 21.3776 89.1396 55.7918 75.4544 25.632 79.0759 85.3359 61.8466 14.3178 7.81025 58.8512 82.9759 
27.0 8.06226 53.2477 20.2485 65.997 90.9379 81.1021 85.2378 44.0555 66.4742 45.1774 46.3249 81.2538 67.4085 42.5394 50.3988 47.5099 84.2954 88.4346 43.6005 0.0 55.1917 35.8439 27.4592 94.8158 82.5883 17.2631 70.214 86.6487 71.5891 89.493 35.2278 40.862 13.4536 31.5753 84.5068 5.0 10.8167 54.448 64.846 37.3363 87.8939 49.1935 65.5515 96.1167 31.0644 38.0609 44.9444 58.2282 41.1096 62.3716 96.1358 72.4707 10.6301 41.5511 86.6467 91.9307 83.9656 59.7993 88.7694 46.6154 40.8044 26.0768 61.4297 50.448 103.523 43.9536 44.7214 50.6952 64.4438 
46.0109 60.4667 60.7289 57.7062 91.9239 101.423 94.0167 101.84 53.1221 58.9373 30.0167 37.0135 67.0075 71.7245 68.0294 6.0 72.5603 94.7609 90.9794 81.0 55.1917 0.0 53.7587 29.4279 97.4702 63.1348 38.0789 39.9249 58.8218 42.1545 61.6847 50.8035 26.5707 58.5235 25.0 65.3682 51.5232 54.7083 43.4166 45.0 34.2053 100.664 11.6619 41.3401 89.8721 31.7648 59.5399 88.5664 64.3939 85.9884 59.4878 84.8646 39.8497 55.9732 72.0625 78.4099 107.359 86.5105 79.8123 57.2713 32.7567 15.6525 75.8947 18.4391 14.3178 113.446 67.0671 86.209 34.2053 18.0 
10.6301 42.6658 25.1799 22.6491 55.8955 68.5197 59.6617 67.3048 17.0554 39.4741 65.0895 70.23 56.2624 39.3407 16.5529 55.0818 19.0 61.4577 60.3667 29.4109 35.8439 53.7587 0.0 27.7849 66.7479 57.5969 30.0 48.6786 62.1308 49.3667 64.852 3.0 28.0 28.3016 48.3013 59.5154 39.5601 26.9669 29.4566 40.2214 20.0 66.6835 43.1045 42.357 68.0489 55.9947 6.08276 39.8246 30.1604 38.9443 35.3715 69.1357 51.576 28.1733 19.9249 58.5789 73.2582 55.8978 43.8404 65.1177 26.5196 51.4296 43.7939 49.8475 60.5392 81.1981 15.2315 36.2491 29.3038 53.7767 
18.0278 35.5142 37.3377 28.2843 66.4833 80.6775 71.8195 79.4627 29.2132 46.3315 37.5366 42.6796 59.2284 51.4916 39.6232 29.0172 45.2217 73.6155 72.5177 52.2398 27.4592 29.4279 27.7849 0.0 78.8989 60.0333 11.6619 44.2719 61.9839 45.8803 64.9384 25.2389 14.5602 29.5466 20.751 62.0725 29.3172 25.9422 32.3883 41.0488 14.5602 78.8413 21.9545 40.6079 78.8891 28.4443 32.6956 59.2115 42.3113 56.5685 47.5224 74.1343 46.2385 27.2947 43.7379 67.4265 85.416 68.0487 55.9978 63.3246 22.0227 23.7697 47.0106 33.9706 33.2415 93.349 38.833 57.0088 26.0768 37.0135 
66.9121 101.638 42.9418 81.6209 34.7851 11.6619 16.1555 19.105 65.6925 38.6972 116.421 121.575 37.1214 27.4591 54.9181 101.274 47.3814 12.083 7.2111 56.0803 94.8158 97.4702 66.7479 78.8989 0.0 47.0106 84.2632 65.8027 60.0 64.2884 60.075 63.7753 73.2291 87.2734 99.6459 46.0109 98.5467 85.9387 54.2343 54.7814 67.2407 14.8661 85.8087 59.808 13.0 107.339 56.294 66.7533 40.5876 69.3542 39.2477 19.6469 68.4105 87.1451 53.3385 18.9737 18.3848 11.3137 35.0143 66.0 65.071 102.39 80.2247 83.2286 108.912 18.4391 54.1295 62.514 63.2428 86.7695 
57.2002 90.3812 47.0439 72.4699 66.5016 57.2189 54.8179 62.1691 56.5415 30.7302 90.1388 96.7678 10.198 45.192 66.3652 68.4251 61.8429 52.9528 41.1096 74.5708 82.5883 63.1348 57.5969 60.0333 47.0106 0.0 70.1142 24.0832 13.0384 21.9317 13.6015 54.6243 46.3897 78.1224 76.6877 2.23607 84.7521 76.7018 28.1603 19.4165 46.0435 58.6941 53.3104 21.9317 35.5106 84.5281 67.5847 86.6251 44.0439 86.9659 35.037 28.6356 25.4951 77.9524 66.4274 29.4279 64.2806 39.6232 58.7738 19.0263 38.1182 73.0548 93.3174 45.8039 76.922 65.192 65.4362 82.353 34.2345 48.2701 
19.4165 25.3181 42.6952 22.8035 66.1465 86.0349 76.286 82.2049 34.5707 55.7322 48.462 51.2602 68.819 56.856 38.086 36.1386 44.3813 78.973 77.882 48.3937 17.2631 38.0789 30.0 11.6619 84.2632 70.1142 0.0 55.7136 73.0068 57.2451 75.9276 28.3019 26.0 21.095 32.3887 72.0625 19.1212 17.1172 42.0132 51.6236 24.0832 83.0778 32.6497 51.6624 85.5642 34.7184 33.2415 53.2353 47.6756 50.04 52.8867 85.3938 57.7754 18.2483 42.2088 74.837 88.8346 73.413 55.6132 74.6324 32.7567 28.0179 38.0984 45.2769 38.0132 98.7134 37.4128 51.788 36.8782 48.1041 
47.5079 78.2624 50.2217 62.4976 75.3127 74.1485 69.1216 77.2334 47.6232 35.5106 68.4471 75.3127 30.5287 48.1664 68.0014 45.5412 64.0978 68.469 58.9406 76.4026 70.214 39.9249 48.6786 44.2719 65.8027 24.0832 55.7136 0.0 19.2354 2.23607 22.2036 45.706 29.7321 67.8012 57.0 26.2488 72.0723 65.4599 21.4709 12.0416 33.2866 74.5453 31.4006 7.28011 56.3649 65.0 69.2209 88.2857 47.2217 87.0242 38.3275 50.1199 3.16228 66.8506 68.0637 46.8402 80.895 56.0892 64.0312 19.2354 23.8537 51.6236 83.6424 21.9545 54.0833 84.2021 67.0725 84.0846 20.0 24.2074 
61.7342 94.578 56.8556 76.6909 78.9394 70.2567 67.6831 75.1332 61.0755 40.6079 87.6641 94.541 23.1948 51.2512 76.2568 64.56 71.6546 65.9242 54.1479 84.3825 86.6487 58.8218 62.1308 61.9839 60.0 13.0384 73.0068 19.2354 0.0 17.1172 3.0 59.1582 47.5184 82.3251 76.0592 14.0357 88.6228 80.5295 33.121 21.9317 49.3356 71.7008 50.636 21.3776 48.2597 84.0536 77.4763 96.5411 53.8556 96.8575 44.6878 41.3038 18.9737 81.8596 76.319 42.4264 77.3175 52.6118 68.7682 6.0 40.2616 70.859 97.8357 40.4969 73.0821 78.1025 75.3279 92.1669 36.1386 42.0476 
48.4149 79.6241 49.9444 63.4135 74.7329 72.8354 68.0294 76.1052 48.3113 34.9285 70.6116 77.4661 28.6531 47.3814 68.4837 47.7598 64.7434 67.2681 57.4891 76.885 71.5891 42.1545 49.3667 45.8803 64.2884 21.9317 57.2451 2.23607 17.1172 0.0 20.0998 46.3941 31.3209 68.8186 59.0085 24.0832 73.4536 66.5733 21.6333 11.4018 34.4819 73.3348 33.541 7.2111 54.626 67.0075 69.7033 88.768 46.9444 90.0326 37.9473 48.3011 4.12311 67.9559 68.546 45.3542 79.6304 54.7449 63.6003 17.4642 25.0599 53.7587 84.5583 24.1868 56.3028 82.7103 67.5548 84.5669 21.095 26.4008 
64.4554 97.4064 58.8145 79.4121 80.0179 70.5762 68.4105 75.71 63.7967 42.5206 90.6091 97.4936 23.7697 53.0813 78.2157 67.4463 73.6135 66.4906 54.4518 86.3414 89.493 61.6847 64.852 64.9384 60.075 13.6015 75.9276 22.2036 3.0 20.0998 0.0 61.8794 50.4876 85.0463 79.0569 14.1421 91.4858 83.2589 35.7771 24.6982 52.2015 72.1803 53.6004 24.3311 48.0416 87.0517 79.4353 98.4127 55.8145 98.8164 46.6905 41.0488 21.8403 84.5839 78.278 42.9535 77.6466 53.1507 70.5983 6.7082 43.1741 73.8241 100.557 43.3244 75.9605 78.0064 77.2868 94.1258 39.0512 44.7772 
8.94427 42.0583 22.2073 22.0416 52.9229 65.547 56.6891 64.3322 14.0828 36.5014 62.6608 67.8012 53.2898 36.3681 19.3132 52.2015 22.0 58.4851 57.3941 32.28 35.2278 50.8035 3.0 25.2389 63.7753 54.6243 28.3019 45.706 59.1582 46.3941 61.8794 0.0 25.0 27.6941 45.8726 56.5428 38.833 26.3594 26.484 37.2488 17.0 63.7109 40.1123 39.3844 65.0763 53.566 9.05539 42.4853 27.1877 41.5627 32.3988 66.1631 48.6033 27.5658 22.8035 55.6062 70.2856 52.9251 40.8678 62.145 23.547 48.7647 43.1864 46.8749 57.7754 78.2255 18.0278 39.0 26.3312 50.8041 
22.4722 48.917 34.2053 36.7151 65.5134 76.2078 67.4697 75.2931 27.0263 34.5319 45.793 51.8845 46.8188 47.0272 43.566 29.1548 47.0 69.1485 66.7382 56.7186 40.862 26.5707 28.0 14.5602 73.2291 46.3897 26.0 29.7321 47.5184 31.3209 50.4876 25.0 0.0 40.4599 30.6757 48.5077 42.72 37.4833 20.1246 27.074 8.0 74.4474 15.2971 26.1725 67.0895 38.4143 34.0147 66.0302 37.8469 64.1959 43.058 62.2848 31.7805 38.8973 47.3814 55.6269 81.0686 62.2693 53.3667 48.7647 8.544 29.2062 57.4282 22.8473 36.2353 89.0401 42.4264 62.8172 12.1655 26.5707 
20.5913 17.088 45.7054 8.06226 52.5514 77.1045 67.3769 71.7922 37.5809 59.9995 56.5155 58.5235 76.7879 59.8662 29.0938 57.0701 34.0643 71.0533 80.8922 30.2324 13.4536 58.5235 28.3016 29.5466 87.2734 78.1224 21.095 67.8012 82.3251 68.8186 85.0463 27.6941 40.4599 0.0 41.1096 80.0409 18.4391 4.0 49.6508 60.4157 34.7131 73.5688 51.4296 62.1289 88.5744 42.45 30.5185 32.7567 50.6858 29.2746 55.8969 89.6612 70.4344 3.16228 28.1055 79.1043 78.4851 76.4232 46.3538 85.235 44.0454 49.0921 17.4642 62.6817 59.0787 89.0898 30.508 31.9531 47.8017 66.0379 
38.0876 37.3363 58.08 43.7701 86.4154 101.41 92.5618 100.205 49.9555 64.8992 17.2047 22.0227 77.4919 72.2387 58.6589 20.5183 64.8874 94.3578 93.2647 70.5053 31.5753 25.0 48.3013 20.751 99.6459 76.6877 32.3887 57.0 76.0592 59.0085 79.0569 45.8726 30.6757 41.1096 0.0 78.8543 28.4605 37.1214 50.6952 57.2713 34.1321 99.5836 26.4764 55.4437 97.4568 8.0 52.8457 73.6817 63.0584 70.3491 68.2695 92.7021 58.0775 38.0526 62.7817 85.9942 106.158 88.7958 75.9299 76.0592 39.2173 10.0 57.1402 39.5601 18.9737 114.096 57.9856 72.4036 42.72 40.8534 
59.1187 92.2997 48.2187 74.3884 66.4886 56.4358 54.4059 61.6117 58.46 31.905 92.358 98.9798 9.84886 45.179 67.5399 70.6612 63.0177 52.3927 40.3113 75.7456 84.5068 65.3682 59.5154 62.0725 46.0109 2.23607 72.0625 26.2488 14.0357 24.0832 14.1421 56.5428 48.5077 80.0409 78.8543 0.0 86.6706 78.6202 30.0666 21.587 48.0104 58.0517 55.5428 24.1661 34.2345 86.6833 68.7595 87.7999 45.2187 88.0672 36.2118 27.2947 27.5862 79.8709 67.6022 28.8617 63.5059 39.0512 59.5658 20.025 40.1995 75.2728 94.4921 48.0104 79.1581 64.0703 66.611 83.5277 36.3456 50.448 
30.2655 8.94427 56.9787 25.0 70.9885 94.6689 84.8331 90.752 47.0512 69.4699 41.0122 41.7732 83.4176 71.1395 47.5309 47.9011 52.5015 88.0264 92.1656 48.6004 5.0 51.5232 39.5601 29.3172 98.5467 84.7521 19.1212 72.0723 88.6228 73.4536 91.4858 38.833 42.72 18.4391 28.4605 86.6706 0.0 15.6205 56.6118 66.8901 39.2872 91.6249 51.0516 67.4627 98.0448 27.0185 41.7919 49.7695 60.1562 45.8803 65.3673 99.1316 74.3328 15.5563 46.5426 88.5747 97.3817 87.6966 64.1602 90.6593 48.5067 38.0789 30.4138 63.2878 47.4342 107.254 48.9451 49.6488 52.5985 66.3019 
18.9737 16.1245 44.3707 9.43398 55.7675 82.0609 72.2251 75.0083 36.2462 58.6649 52.6308 54.7814 75.4533 58.5315 32.3099 53.1507 37.2805 75.4184 79.5575 33.6155 10.8167 54.7083 26.9669 25.9422 85.9387 76.7018 17.1172 65.4599 80.5295 66.5733 83.2589 26.3594 37.4833 4.0 37.1214 78.6202 15.6205 0.0 47.8634 58.6003 32.2025 79.0169 47.8853 60.0333 87.2397 38.6005 29.1839 36.6742 49.3512 33.2415 54.5623 88.3265 68.0074 1.41421 31.3216 77.7697 81.7012 75.0886 49.5699 83.2406 41.6173 45.1041 21.1896 59.4054 55.0908 94.6457 33.7241 35.7351 45.4863 62.6817 
29.0599 62.2409 28.5153 44.0167 55.1453 58.7728 51.923 60.1664 28.4012 16.4924 65.8635 72.0069 26.9258 29.6142 48.4005 47.3814 44.4969 52.2015 47.1178 56.8018 54.448 43.4166 29.4566 32.3883 54.2343 28.1603 42.0132 21.4709 33.121 21.6333 35.7771 26.484 20.1246 49.6508 50.6952 30.0666 56.6118 47.8634 0.0 11.4018 18.0278 58.1893 31.8904 14.4222 46.9798 58.404 49.6201 68.6848 26.3311 69.0012 18.0 42.2019 24.5967 49.1885 48.4628 35.5172 64.846 44.0249 43.4166 36.4005 11.6619 49.0918 65.1615 31.3209 55.2268 70.7957 47.4716 64.4837 9.21954 35.171 
39.8248 72.7324 38.6155 54.7815 63.3482 62.5859 57.226 65.4211 39.166 23.5372 70.9366 77.4919 22.0227 36.1248 58.0167 49.93 53.4145 56.7338 47.7598 66.4179 64.846 45.0 40.2214 41.0488 54.7814 19.4165 51.6236 12.0416 21.9317 11.4018 24.6982 37.2488 27.074 60.4157 57.2713 21.587 66.8901 58.6003 11.4018 0.0 27.6586 62.8155 34.4819 5.09902 46.3249 65.1153 59.2362 78.301 35.6155 78.6174 26.5707 40.6079 15.1327 59.9333 58.0789 35.8469 69.2315 44.643 52.2015 25.0 19.0263 53.8516 75.9263 29.2062 58.3095 73.0548 57.0878 74.0999 15.0 32.45 
15.2643 45.31 26.5707 30.0 57.7235 69.014 60.2759 68.0993 19.0454 31.9242 50.448 56.0357 44.8415 39.8334 35.6931 36.2491 39.0 61.9547 64.1306 48.8365 37.3363 34.2053 20.0 14.5602 67.2407 46.0435 24.0832 33.2866 49.3356 34.4819 52.2015 17.0 8.0 34.7131 34.1321 48.0104 39.2872 32.2025 18.0278 27.6586 0.0 67.2536 23.1948 28.2312 64.4819 41.8472 26.0192 58.3142 30.6531 57.3817 35.8642 59.7271 35.805 33.6006 39.4588 53.0192 73.8748 56.3905 45.607 51.4782 9.43398 34.7131 51.0882 30.3645 42.72 81.6908 34.5254 55.0818 13.4164 34.2053 
66.8477 89.3482 41.7732 74.6991 23.0 4.12311 7.07107 4.24264 65.6281 41.7852 116.356 121.512 48.5077 29.0689 48.7545 103.446 40.7185 6.08276 18.0278 46.6905 87.8939 100.664 66.6835 78.8413 14.8661 58.6941 83.0778 74.5453 71.7008 73.3348 72.1803 63.7109 74.4474 73.5688 99.5836 58.0517 91.6249 79.0169 58.1893 62.8155 67.2536 0.0 89.0263 67.9145 27.4591 107.277 50.8969 56.0089 40.6005 59.1354 41.5933 33.541 77.4145 76.5461 46.2385 29.2746 6.7082 19.105 27.7308 77.6466 68.1007 101.608 72.0347 89.493 109.945 15.6525 48.3011 52.0865 66.8506 93.3006 
36.3456 57.2485 49.4773 49.3356 80.8084 89.7847 82.5522 90.3677 42.2345 47.2994 37.108 43.9318 56.3028 60.0866 58.1378 15.6205 62.0725 83.1231 79.3178 71.2531 49.1935 11.6619 43.1045 21.9545 85.8087 53.3104 32.6497 31.4006 50.636 33.541 53.6004 40.1123 15.2971 51.4296 26.4764 55.5428 51.0516 47.8853 31.8904 34.4819 23.1948 89.0263 0.0 31.3847 78.525 34.3657 49.0408 79.6482 52.9215 77.3692 47.85 73.6614 32.0624 49.2443 62.0725 67.0624 95.7208 74.8489 68.6586 50.04 21.095 20.2237 68.8767 13.4164 23.8537 101.808 57.0789 76.9813 22.6716 15.6205 
41.6173 73.5391 42.9473 56.6154 68.0661 67.6831 62.2922 70.4873 41.3017 28.2843 68.3081 75.0 26.1725 41.0488 61.3711 46.5296 57.7463 61.8328 52.811 69.7723 65.5515 41.3401 42.357 40.6079 59.808 21.9317 51.6624 7.28011 21.3776 7.2111 24.3311 39.3844 26.1725 62.1289 55.4437 24.1661 67.4627 60.0333 14.4222 5.09902 28.2312 67.9145 31.3847 0.0 51.1077 63.3877 62.5907 81.6554 39.9473 82.92 31.0483 45.2217 10.4403 61.4003 61.4334 40.8534 74.3303 49.7293 56.7539 23.2594 18.9737 51.2445 77.7603 24.7588 55.0091 78.1089 60.4422 77.4543 14.8661 27.8029 
68.2131 102.939 44.4722 82.9219 44.4185 24.5967 26.9072 31.6228 66.9935 39.8885 112.88 118.922 26.2488 28.7082 59.0339 94.1125 52.345 23.3452 10.8167 62.8172 96.1167 89.8721 68.0489 78.8891 13.0 35.5106 85.5642 56.3649 48.2597 54.626 48.0416 65.0763 67.0895 88.5744 97.4568 34.2345 98.0448 87.2397 46.9798 46.3249 64.4819 27.4591 78.525 51.1077 0.0 105.156 60.2587 74.3303 41.8885 76.4003 40.4391 7.0 58.6941 88.4461 58.3095 12.53 31.3847 13.6015 41.4849 54.231 58.6345 96.2501 85.4055 75.452 102.085 30.0167 58.1103 69.9214 55.9884 78.7718 
45.781 35.3553 65.7734 46.0977 91.6074 109.104 100.255 107.898 57.6489 72.5982 14.1421 16.6433 85.2203 79.9321 63.5469 26.6271 69.8422 102.051 100.958 71.6938 31.0644 31.7648 55.9947 28.4443 107.339 84.5281 34.7184 65.0 84.0536 67.0075 87.0517 53.566 38.4143 42.45 8.0 86.6833 27.0185 38.6005 58.404 65.1153 41.8472 107.277 34.3657 63.3877 105.156 0.0 58.766 75.1864 70.7517 71.5891 75.9628 100.401 66.0681 39.2938 69.2582 93.6932 113.852 96.4891 81.1344 84.0536 46.9506 16.1245 57.1402 47.2969 22.8035 121.789 62.8736 74.3303 50.448 48.3839 
14.7648 44.8827 22.0258 24.8661 33.9177 53.9409 44.1051 50.024 23.1327 36.9345 69.6338 74.7743 62.2039 32.7567 10.8167 60.6383 13.0384 47.2984 51.4096 23.4094 38.0609 59.5399 6.08276 32.6956 56.294 67.5847 33.2415 69.2209 77.4763 69.7033 79.4353 9.05539 34.0147 30.5185 52.8457 68.7595 41.7919 29.1839 49.6201 59.2362 26.0192 50.8969 49.0408 62.5907 60.2587 58.766 0.0 34.1321 27.6208 33.4215 32.8319 61.3752 72.2471 30.3902 13.9284 50.8184 56.6537 47.2721 23.4322 82.2335 32.597 56.4624 38.8283 55.9249 65.7875 66.5257 9.43398 30.4138 35.3812 59.8541 
43.8476 44.4185 41.0905 31.0161 33.0151 60.0 51.1566 53.1507 56.3322 55.9017 89.2693 91.0934 81.2443 49.7393 23.3238 88.0909 24.8395 55.2268 64.0312 12.2066 44.9444 88.5664 39.8246 59.2115 66.7533 86.6251 53.2353 88.2857 96.5411 88.768 98.4127 42.4853 66.0302 32.7567 73.6817 87.7999 49.7695 36.6742 68.6848 78.301 58.3142 56.0089 79.6482 81.6554 74.3303 75.1864 34.1321 0.0 46.5982 4.24264 51.8093 76.6942 91.3119 35.9026 20.6155 66.2118 59.4138 60.7289 32.8938 101.298 65.7951 81.0987 21.2603 88.6778 91.0879 70.4557 24.6982 4.47214 68.5806 92.5135 
30.3245 65.05 7.0 45.0334 33.0 42.3609 33.6228 41.4462 29.105 13.3137 79.8332 84.987 38.6631 13.1803 26.4012 66.846 21.799 35.3017 34.2064 34.5269 58.2282 64.3939 30.1604 42.3113 40.5876 44.0439 47.6756 47.2217 53.8556 46.9444 55.8145 27.1877 37.8469 50.6858 63.0584 45.2187 60.1562 49.3512 26.3311 35.6155 30.6531 40.6005 52.9215 39.9473 41.8885 70.7517 27.6208 46.5982 0.0 47.0019 9.2111 42.9753 50.3839 50.5575 26.4635 32.4185 47.2217 29.7374 21.105 58.6127 32.5941 65.0079 53.3534 56.231 73.3442 55.0377 25.4723 42.3113 33.0644 60.2151 
42.3631 40.3113 41.4069 28.2843 36.2215 63.0714 54.0093 56.4358 55.401 56.3156 85.703 87.3613 81.5116 50.9902 22.6716 85.2877 25.5539 58.0345 66.2873 13.6015 41.1096 85.9884 38.9443 56.5685 69.3542 86.9659 50.04 87.0242 96.8575 90.0326 98.8164 41.5627 64.1959 29.2746 70.3491 88.0672 45.8803 33.2415 69.0012 78.6174 57.3817 59.1354 77.3692 82.92 76.4003 71.5891 33.4215 4.24264 47.0019 0.0 52.213 78.4347 89.9216 32.3883 20.6155 67.8924 62.8013 62.8172 34.9285 101.615 64.8648 78.0064 17.0294 87.0219 88.0057 73.8241 24.0832 7.07107 67.6495 90.6735 
35.5356 70.2611 12.2111 50.2445 37.2156 42.72 34.9285 43.0813 34.3161 4.47214 85.0443 89.9698 29.6562 12.53 31.6123 63.1269 27.0101 35.8469 32.7569 39.738 62.3716 59.4878 35.3715 47.5224 39.2477 35.037 52.8867 38.3275 44.6878 37.9473 46.6905 32.3988 43.058 55.8969 68.2695 36.2118 65.3673 54.5623 18.0 26.5707 35.8642 41.5933 47.85 31.0483 40.4391 75.9628 32.8319 51.8093 9.2111 52.213 0.0 41.5259 41.4849 55.7686 31.6746 30.9691 48.3011 28.2879 25.7099 49.4065 26.9244 70.219 58.5645 48.8365 78.5553 55.0 30.6834 47.5224 25.7192 52.7731 
69.2999 104.025 45.559 84.0087 48.4149 31.0161 32.0156 37.5899 68.0803 39.1166 108.065 114.168 19.6977 29.795 60.1557 89.2749 53.6809 28.8444 15.8114 64.846 96.1358 84.8646 69.1357 74.1343 19.6469 28.6356 85.3938 50.1199 41.3038 48.3011 41.0488 66.1631 62.2848 89.6612 92.7021 27.2947 99.1316 88.3265 42.2019 40.6079 59.7271 33.541 73.6614 45.2217 7.0 100.401 61.3752 76.6942 42.9753 78.4347 41.5259 0.0 52.3259 89.5329 59.5834 11.0454 37.9473 17.0294 43.8634 47.2652 53.8797 91.3167 86.6899 69.814 97.3088 37.0135 59.2267 72.2357 51.225 73.0068 
50.2494 80.5295 53.3839 65.2268 78.4474 76.9415 72.0625 80.1561 50.5206 38.6394 68.884 75.8024 32.6497 51.2445 71.0276 45.607 67.124 71.3442 61.6117 79.4288 72.4707 39.8497 51.576 46.2385 68.4105 25.4951 57.7754 3.16228 18.9737 4.12311 21.8403 48.6033 31.7805 70.4344 58.0775 27.5862 74.3328 68.0074 24.5967 15.1327 35.805 77.4145 32.0624 10.4403 58.6941 66.0681 72.2471 91.3119 50.3839 89.9216 41.4849 52.3259 0.0 69.4046 71.0899 49.4773 83.7257 58.8558 67.1863 18.0 26.4008 52.2398 86.3716 21.5407 54.1202 86.8332 70.0987 87.1108 22.6716 23.3238 
20.2485 15.2971 45.5771 9.84886 55.5287 83.2673 73.4314 74.7695 37.4526 59.8712 53.3667 55.3624 76.6596 59.7379 32.0711 54.3415 37.0416 76.6248 80.7639 33.2866 10.6301 55.9732 28.1733 27.2947 87.1451 77.9524 18.2483 66.8506 81.8596 67.9559 84.5839 27.5658 38.8973 3.16228 38.0526 79.8709 15.5563 1.41421 49.1885 59.9333 33.6006 76.5461 49.2443 61.4003 88.4461 39.2938 30.3902 35.9026 50.5575 32.3883 55.7686 89.5329 69.4046 0.0 31.0828 78.976 81.4624 76.2949 49.3311 84.5991 43.0116 46.2243 19.9249 60.803 56.1553 92.0671 33.4853 35.1141 46.8722 64.0703 
26.0768 43.8849 20.8685 23.1708 26.2488 49.6488 39.8497 44.7214 36.8617 35.7772 83.0018 85.8 60.8972 31.3209 4.12311 72.5603 6.0 43.4166 49.0 9.48683 41.5511 72.0625 19.9249 43.7379 53.3385 66.4274 42.2088 68.0637 76.319 68.546 78.278 22.8035 47.3814 28.1055 62.7817 67.6022 46.5426 31.3216 48.4628 58.0789 39.4588 46.2385 62.0725 61.4334 58.3095 69.2582 13.9284 20.6155 26.4635 20.6155 31.6746 59.5834 71.0899 31.0828 0.0 49.0265 51.4296 45.0444 18.6815 81.0762 46.326 67.1863 27.1066 69.6348 76.9025 61.8466 5.0 16.6433 49.1102 73.5459 
58.743 93.4685 35.0022 73.4519 39.6232 28.0 25.632 32.7567 57.5235 30.4185 101.418 107.46 19.2354 19.2382 49.5988 82.6499 43.1241 23.5372 12.1655 54.3151 86.6467 78.4099 58.5789 67.4265 18.9737 29.4279 74.837 46.8402 42.4264 45.3542 42.9535 55.6062 55.6269 79.1043 85.9942 28.8617 88.5747 77.7697 35.5172 35.8469 53.0192 29.2746 67.0624 40.8534 12.53 93.6932 50.8184 66.2118 32.4185 67.8924 30.9691 11.0454 49.4773 78.976 49.0265 0.0 35.0143 10.198 33.6155 48.3735 47.1718 84.7875 76.1331 64.4981 90.622 37.3631 48.6699 61.7414 44.5258 68.0 
73.4223 94.2645 48.2701 80.4559 26.6833 7.07107 13.6015 6.7082 72.2028 48.4665 122.931 128.087 54.1479 35.7771 54.2033 110.068 46.1411 12.6491 23.1948 50.9608 91.9307 107.359 73.2582 85.416 18.3848 64.2806 88.8346 80.895 77.3175 79.6304 77.6466 70.2856 81.0686 78.4851 106.158 63.5059 97.3817 81.7012 64.846 69.2315 73.8748 6.7082 95.7208 74.3303 31.3847 113.852 56.6537 59.4138 47.2217 62.8013 48.3011 37.9473 83.7257 81.4624 51.4296 35.0143 0.0 25.02 33.2866 83.2947 74.7952 108.227 76.5376 96.1356 116.566 11.0454 53.8516 55.7315 73.5391 99.9361 
56.0619 90.7874 32.311 70.7708 31.4006 18.1108 15.6525 22.561 54.8424 27.7374 105.571 110.724 29.4279 16.5571 46.0435 90.3138 39.0512 13.3417 4.47214 49.2443 83.9656 86.5105 55.8978 68.0487 11.3137 39.6232 73.413 56.0892 52.6118 54.7449 53.1507 52.9251 62.2693 76.4232 88.7958 39.0512 87.6966 75.0886 44.0249 44.643 56.3905 19.105 74.8489 49.7293 13.6015 96.4891 47.2721 60.7289 29.7374 62.8172 28.2879 17.0294 58.8558 76.2949 45.0444 10.198 25.02 0.0 27.8927 58.5491 54.1112 91.4299 72.112 72.8275 97.9518 28.6356 45.1237 56.3205 52.8023 76.3683 
37.9824 62.1332 19.2354 41.4191 12.1655 31.0161 21.1896 26.6271 42.7851 28.7924 92.718 97.8585 49.7481 18.4391 21.0238 81.6039 13.0 24.7386 31.4006 21.3776 59.7993 79.8123 43.8404 55.9978 35.0143 58.7738 55.6132 64.0312 68.7682 63.6003 70.5983 40.8678 53.3667 46.3538 75.9299 59.5658 64.1602 49.5699 43.4166 52.2015 45.607 27.7308 68.6586 56.7539 41.4849 81.1344 23.4322 32.8938 21.105 34.9285 25.7099 43.8634 67.1863 49.3311 18.6815 33.6155 33.2866 27.8927 0.0 73.8392 49.163 78.8872 45.2769 73.0616 87.5582 43.382 20.5913 28.4605 50.0 77.0584 
64.6607 96.7729 61.6127 79.6419 84.1306 76.2365 73.5459 81.0494 64.0623 45.4863 86.7006 93.6483 29.1548 56.3222 81.0139 63.1506 76.4117 71.8471 60.1332 89.1396 88.7694 57.2713 65.1177 63.3246 66.0 19.0263 74.6324 19.2354 6.0 17.4642 6.7082 62.145 48.7647 85.235 76.0592 20.025 90.6593 83.2406 36.4005 25.0 51.4782 77.6466 50.04 23.2594 54.231 84.0536 82.2335 101.298 58.6127 101.615 49.4065 47.2652 18.0 84.5991 81.0762 48.3735 83.2947 58.5491 73.8392 0.0 42.1545 70.1783 100.787 38.833 71.5891 84.0952 80.085 97.0971 38.0789 39.8497 
24.0832 54.626 30.0167 39.0 61.2944 68.8591 61.6266 69.8367 25.4642 26.3738 54.2033 60.3738 38.2753 39.161 42.7625 36.2353 44.731 62.1975 58.5802 55.7918 46.6154 32.7567 26.5196 22.0227 65.071 38.1182 32.7567 23.8537 40.2616 25.0599 43.1741 23.547 8.544 44.0454 39.2173 40.1995 48.5067 41.6173 11.6619 19.0263 9.43398 68.1007 21.095 18.9737 58.6345 46.9506 32.597 65.7951 32.5941 64.8648 26.9244 53.8797 26.4008 43.0116 46.326 47.1718 74.7952 54.1112 49.163 42.1545 0.0 37.4433 60.1448 24.0208 43.8406 80.882 41.5059 62.4087 4.12311 28.0179 
41.7852 47.0106 60.2267 50.2494 90.2497 103.369 94.6256 102.343 52.1022 63.6925 17.088 23.7697 75.1332 74.1883 63.0635 10.6301 68.9493 96.3096 95.8988 75.4544 40.8044 15.6525 51.4296 23.7697 102.39 73.0548 28.0179 51.6236 70.859 53.7587 73.8241 48.7647 29.2062 49.0921 10.0 75.2728 38.0789 45.1041 49.0918 53.8516 34.7131 101.608 20.2237 51.2445 96.2501 16.1245 56.4624 81.0987 65.0079 78.0064 70.219 91.3167 52.2398 46.2243 67.1863 84.7875 108.227 91.4299 78.8872 70.1783 37.4433 0.0 65.7768 32.1403 10.0 116.046 62.3618 79.404 40.3113 32.7567 
36.1448 23.7697 47.7584 21.2132 49.98 75.71 66.0984 69.9214 53.0732 62.6671 71.2531 72.1803 87.9365 58.3869 28.0949 74.2175 33.0654 69.8713 76.0329 25.632 26.0768 75.8947 43.7939 47.0106 80.2247 93.3174 38.0984 83.6424 97.8357 84.5583 100.557 43.1864 57.4282 17.4642 57.1402 94.4921 30.4138 21.1896 65.1615 75.9263 51.0882 72.0347 68.8767 77.7603 85.4055 57.1402 38.8283 21.2603 53.3534 17.0294 58.5645 86.6899 86.3716 19.9249 27.1066 76.1331 76.5376 72.112 45.2769 100.787 60.1448 65.7768 0.0 79.925 75.6637 87.3613 29.5091 22.8035 63.7025 83.3547 
45.31 69.4848 54.0 59.4811 85.1469 90.0567 83.2406 91.4822 48.7922 47.8017 48.0937 55.0818 50.9313 60.8769 65.9697 24.3311 68.6212 83.4877 76.1122 79.0759 61.4297 18.4391 49.8475 33.9706 83.2286 45.8039 45.2769 21.9545 40.4969 24.1868 43.3244 46.8749 22.8473 62.6817 39.5601 48.0104 63.2878 59.4054 31.3209 29.2062 30.3645 89.493 13.4164 24.7588 75.452 47.2969 55.9249 88.6778 56.231 87.0219 48.8365 69.814 21.5407 60.803 69.6348 64.4981 96.1356 72.8275 73.0616 38.833 24.0208 32.1403 79.925 0.0 32.7567 101.356 64.7611 85.44 23.1948 4.0 
51.2445 56.3028 68.884 60.208 99.6448 111.705 102.967 110.788 60.7731 70.2144 16.4924 23.3452 80.1561 82.5246 72.7805 8.544 78.4474 104.646 102.421 85.3359 50.448 14.3178 60.5392 33.2415 108.912 76.922 38.0132 54.0833 73.0821 56.3028 75.9605 57.7754 36.2353 59.0787 18.9737 79.1581 47.4342 55.0908 55.2268 58.3095 42.72 109.945 23.8537 55.0091 102.085 22.8035 65.7875 91.0879 73.3442 88.0057 78.5553 97.3088 54.1202 56.1553 76.9025 90.622 116.566 97.9518 87.5582 71.5891 43.8406 10.0 75.6637 32.7567 0.0 124.382 72.0347 89.3588 46.0977 32.1403 
81.3622 104.869 56.6392 90.3279 37.6563 12.8062 22.4722 17.4642 80.1427 54.5082 130.871 136.025 55.4437 42.638 64.405 117.085 56.3649 19.8494 25.2982 61.8466 103.523 113.446 81.1981 93.349 18.4391 65.192 98.7134 84.2021 78.1025 82.7103 78.0064 78.2255 89.0401 89.0898 114.096 64.0703 107.254 94.6457 70.7957 73.0548 81.6908 15.6525 101.808 78.1089 30.0167 121.789 66.5257 70.4557 55.0377 73.8241 55.0 37.0135 86.8332 92.0671 61.8466 37.3631 11.0454 28.6356 43.382 84.0952 80.882 116.046 87.3613 101.356 124.382 0.0 63.9531 66.7533 79.5731 104.897 
21.095 46.2874 19.8773 25.5733 29.7321 51.4782 41.6293 47.1699 32.0416 34.786 76.6172 79.4154 60.0554 30.6083 1.41421 67.6018 7.81025 44.9444 49.2611 14.3178 43.9536 67.0671 15.2315 38.833 54.1295 65.4362 37.4128 67.0725 75.3279 67.5548 77.2868 18.0278 42.4264 30.508 57.9856 66.611 48.9451 33.7241 47.4716 57.0878 34.5254 48.3011 57.0789 60.4422 58.1103 62.8736 9.43398 24.6982 25.4723 24.0832 30.6834 59.2267 70.0987 33.4853 5.0 48.6699 53.8516 45.1237 20.5913 80.085 41.5059 62.3618 29.5091 64.7611 72.0347 63.9531 0.0 21.0238 44.2901 68.6586 
40.6364 45.0 36.8782 29.1548 29.1548 56.0357 47.0425 49.366 52.9444 51.6236 88.3233 90.4765 76.9721 45.2769 19.6977 86.0 20.5183 51.0882 59.6657 7.81025 44.7214 86.209 36.2491 57.0088 62.514 82.353 51.788 84.0846 92.1669 84.5669 94.1258 39.0 62.8172 31.9531 72.4036 83.5277 49.6488 35.7351 64.4837 74.0999 55.0818 52.0865 76.9813 77.4543 69.9214 74.3303 30.4138 4.47214 42.3113 7.07107 47.5224 72.2357 87.1108 35.1141 16.6433 61.7414 55.7315 56.3205 28.4605 97.0971 62.4087 79.404 22.8035 85.44 89.3588 66.7533 21.0238 0.0 65.1929 89.2861 
27.5862 58.6941 31.1448 42.5576 62.0322 67.5502 60.407 68.6222 28.2485 25.0799 57.2451 63.561 34.9285 37.9473 45.5467 38.1838 46.5725 60.9262 56.1263 58.8512 50.6952 34.2053 29.3038 26.0768 63.2428 34.2345 36.8782 20.0 36.1386 21.095 39.0512 26.3312 12.1655 47.8017 42.72 36.3456 52.5985 45.4863 9.21954 15.0 13.4164 66.8506 22.6716 14.8661 55.9884 50.448 35.3812 68.5806 33.0644 67.6495 25.7192 51.225 22.6716 46.8722 49.1102 44.5258 73.5391 52.8023 50.0 38.0789 4.12311 40.3113 63.7025 23.1948 46.0977 79.5731 44.2901 65.1929 0.0 27.1662 
