NAME  : Jabali_70_3_0.88_1_5
TYPE : SVRP
MODEL : FINITE_SUPPORT
NUMBER_OF_SCENARIOS : 200
DIMENSION : 70
EDGE_WEIGHT_TYPE : MATRIX
CAPACITY : 133
N_VEHICLES : 3
NODE_COORD_SECTION
1 4945 5386
2 6081 1727
3 6744 5260
4 3712 6065
5 716 4946
6 6188 3136
7 875 3684
8 4014 8748
9 5135 9109
10 6770 3291
11 7862 3254
12 7289 3125
13 5754 8353
14 5670 8941
15 5120 8123
16 6717 7088
17 7248 2212
18 2091 6655
19 5158 9333
20 4154 6021
21 1876 4068
22 4751 1723
23 7879 5882
24 4856 4376
25 4183 8364
26 6316 1459
27 6109 4032
28 3590 7763
29 6672 3578
30 5655 3860
31 6291 4155
32 3742 8450
33 4350 731
34 6605 2683
35 5560 1616
36 5323 6778
37 1570 5781
38 3841 3710
39 27 4395
40 8729 4995
41 7916 3615
42 3666 9064
43 9070 5503
44 2516 7276
45 3176 3124
46 4335 2031
47 7741 3728
48 6917 2112
49 5380 5287
50 3970 2352
51 5647 4270
52 4921 749
53 6810 2199
54 4176 8783
55 2125 2189
56 3504 4392
57 9177 6337
58 8259 4510
59 4349 5363
60 453 4946
61 1301 4978
62 7707 6310
63 4932 3014
64 5604 18
65 7056 7853
66 5527 1330
67 6172 5622
68 8178 5295
69 2444 3379
70 5209 2971
DEMAND_SECTION
1 0.0
2 4.0
3 8.0
4 3.0
5 1.0
6 7.0
7 3.0
8 3.0
9 3.0
10 4.0
11 6.0
12 4.0
13 4.0
14 5.0
15 5.0
16 9.0
17 3.0
18 3.0
19 6.0
20 5.0
21 2.0
22 8.0
23 2.0
24 2.0
25 2.0
26 6.0
27 8.0
28 10.0
29 9.0
30 2.0
31 10.0
32 5.0
33 4.0
34 6.0
35 4.0
36 4.0
37 3.0
38 4.0
39 7.0
40 4.0
41 10.0
42 5.0
43 3.0
44 9.0
45 5.0
46 9.0
47 5.0
48 9.0
49 7.0
50 2.0
51 1.0
52 1.0
53 5.0
54 2.0
55 9.0
56 5.0
57 2.0
58 6.0
59 10.0
60 7.0
61 6.0
62 8.0
63 8.0
64 5.0
65 7.0
66 2.0
67 2.0
68 4.0
69 3.0
70 5.0
DEVIATION_SECTION
1 0.0
2 1.33333
3 2.66667
4 1.0
5 0.333333
6 2.33333
7 1.0
8 1.0
9 1.0
10 1.33333
11 2.0
12 1.33333
13 1.33333
14 1.66667
15 1.66667
16 3.0
17 1.0
18 1.0
19 2.0
20 1.66667
21 0.666667
22 2.66667
23 0.666667
24 0.666667
25 0.666667
26 2.0
27 2.66667
28 3.33333
29 3.0
30 0.666667
31 3.33333
32 1.66667
33 1.33333
34 2.0
35 1.33333
36 1.33333
37 1.0
38 1.33333
39 2.33333
40 1.33333
41 3.33333
42 1.66667
43 1.0
44 3.0
45 1.66667
46 3.0
47 1.66667
48 3.0
49 2.33333
50 0.666667
51 0.333333
52 0.333333
53 1.66667
54 0.666667
55 3.0
56 1.66667
57 0.666667
58 2.0
59 3.33333
60 2.33333
61 2.0
62 2.66667
63 2.66667
64 1.66667
65 2.33333
66 0.666667
67 0.666667
68 1.33333
69 1.0
70 1.66667
DISTANCE_MATRIX
0.0 52.1774 24.4131 19.0263 57.7412 34.1076 59.17 51.2288 56.843 36.6742 48.0104 43.2897 50.3359 56.1601 43.2713 33.8489 51.6403 43.4166 59.0733 14.5602 44.7774 59.6923 41.0366 21.2152 46.5952 55.648 23.3452 39.5811 33.3766 22.8494 24.0832 47.8529 71.5704 42.061 61.4597 22.6732 46.5188 28.475 67.4761 51.6236 46.2709 55.6602 56.2228 43.1856 38.3277 54.8053 44.2832 50.1139 5.38516 48.699 18.8785 72.4273 49.229 54.164 57.0623 23.195 59.5483 46.6154 7.28011 60.5599 49.9311 40.2244 44.7371 83.7143 45.0071 64.4297 17.0294 44.4072 42.5876 43.0289 
52.1774 0.0 48.3322 66.8072 85.2115 19.2354 75.1864 99.8395 102.186 23.3452 32.0156 25.1794 89.1474 96.842 88.6143 72.0694 16.6433 86.4002 104.416 64.4505 65.2763 18.3576 61.1882 41.6173 94.8738 4.12311 31.0644 89.4812 25.9615 29.6985 32.249 97.753 26.4197 15.0333 7.07107 68.0162 82.6075 39.8121 89.627 57.1402 35.5106 105.56 65.123 90.2616 43.1856 24.0416 35.2278 12.53 48.1295 28.0713 34.6554 20.2485 12.083 99.507 52.3259 50.2195 75.0067 48.0937 55.8204 87.367 79.0063 65.2534 24.0416 23.7697 82.7345 8.94427 51.8652 56.1427 53.6004 21.5407 
24.4131 48.3322 0.0 41.1096 82.1289 29.1548 85.3964 60.272 55.7584 26.4008 30.8707 29.8329 43.0116 50.6063 43.9813 24.2074 41.7253 66.0984 57.6888 35.4401 69.1651 53.1507 17.8885 29.4286 55.3859 51.0 18.2483 55.1453 23.0217 23.0217 16.4924 59.4485 67.3647 34.6699 51.2445 28.2843 70.7107 50.0175 91.8638 27.2947 27.5136 66.146 31.8904 63.8836 61.2669 52.7553 25.632 42.0119 19.2094 54.351 19.4165 64.3273 41.4005 59.5411 81.7564 48.2649 36.3593 23.3452 31.3847 84.9476 74.3188 19.2354 37.7082 71.8679 34.4819 54.4059 9.05539 20.0 65.7938 36.0 
19.0263 66.8072 41.1096 0.0 45.2217 52.0512 50.9608 35.8469 43.8993 55.5809 67.0 62.2896 39.4082 44.5995 31.6308 47.119 70.2713 25.0 46.0273 5.83095 37.4833 61.7192 55.8938 26.1529 31.305 70.7384 42.2966 23.3452 52.345 39.4764 43.1045 32.2025 72.3689 60.2969 66.3842 25.1873 31.1448 30.4795 56.0803 68.1668 65.123 40.0 71.8686 24.1868 38.4838 56.8322 63.1269 68.0818 24.0208 50.7258 37.7598 74.4541 67.1202 36.2353 55.3173 22.3607 74.0958 64.2884 12.3693 48.0104 37.7359 54.3626 49.6617 85.7412 52.5593 68.6241 32.3211 60.4854 39.4588 47.9535 
57.7412 85.2115 82.1289 45.2217 0.0 79.4247 16.9706 68.469 82.0 86.588 100.216 93.6623 80.7775 84.7703 72.45 89.716 96.1041 30.0666 83.7437 50.6063 20.0 69.0652 98.4124 59.1692 66.0984 89.1403 75.1532 54.9181 84.0858 69.5401 76.922 63.3877 73.9797 86.5852 80.0062 67.1804 16.2788 48.0833 11.4018 109.361 99.8145 69.029 113.882 40.05 42.0476 62.0081 97.99 92.5743 63.0954 57.1402 68.4251 79.0759 91.5915 69.5845 41.6293 39.8121 116.692 103.83 50.9902 2.82843 7.81025 96.9596 63.3482 92.5743 94.3904 81.0247 74.411 102.11 32.0624 66.4906 
34.1076 19.2354 29.1548 52.0512 79.4247 0.0 72.9683 81.6775 82.6727 7.81025 22.0227 14.4222 70.0301 77.7247 70.4523 52.8394 18.2483 74.3303 84.6289 48.6589 60.5392 26.9258 43.1045 25.9615 76.7118 22.2036 12.0416 73.5643 8.24621 12.6491 13.0384 80.264 40.1995 8.24621 22.3607 49.8197 73.3348 31.3516 86.0058 42.0595 23.4307 87.4005 49.7293 75.9276 41.2445 27.7849 22.2036 16.1555 30.0597 29.4334 17.0 36.0555 15.2315 81.345 56.2489 40.613 58.5491 33.2415 41.0512 81.9187 72.343 46.6905 17.2047 42.72 63.5059 25.4951 32.8024 39.3192 50.7229 14.2127 
59.17 75.1864 85.3964 50.9608 16.9706 72.9683 0.0 80.0999 92.1954 80.2621 94.687 87.325 88.8575 93.9042 81.0494 91.5659 88.2844 43.1741 94.1329 55.3624 14.4222 57.7062 99.9032 57.3149 77.0 78.8543 72.4166 66.0303 79.0921 69.4626 74.2147 75.1665 60.208 79.5047 69.2315 74.695 29.4109 42.8019 15.0333 108.258 95.4591 81.6149 114.582 52.9528 33.1059 51.1957 93.958 84.2713 64.5241 47.7598 65.7738 66.0076 83.3656 81.0555 26.4764 37.6431 118.316 101.05 52.8394 17.2047 18.0278 98.7418 56.0954 79.1581 102.724 69.7209 75.8666 102.659 22.3607 59.2563 
51.2288 99.8395 60.272 35.8469 68.469 81.6775 80.0999 0.0 15.6205 82.7647 90.7313 88.1792 23.0868 21.4009 17.0 42.0119 98.4886 38.4708 16.6433 36.893 69.0507 97.3703 65.0308 60.4614 5.0 103.31 69.9751 14.1421 79.177 70.5115 69.8355 5.09902 109.248 89.3791 100.706 32.2412 52.2398 66.1529 79.7621 81.1542 87.6902 6.08276 81.0555 28.6356 74.2428 92.4832 85.7593 97.4305 52.8927 86.3769 66.5406 110.105 96.5897 1.41421 90.1388 58.1808 77.1038 81.2158 46.0601 70.7107 63.0317 60.0083 83.5636 121.392 41.7612 103.676 51.8354 73.2462 74.0 82.2751 
56.843 102.186 55.7584 43.8993 82.0 82.6727 92.1954 15.6205 0.0 81.3864 86.4523 85.465 13.0 7.07107 13.8924 33.8378 97.0457 52.4976 2.23607 44.7893 80.025 103.175 56.7539 78.6532 16.1555 105.657 70.7255 27.2029 77.8448 72.858 69.6611 20.2485 119.16 89.2393 103.32 34.5401 65.7343 74.0492 93.3916 73.0068 82.7647 19.4165 71.5681 43.0813 82.366 102.395 81.0062 96.9411 55.2392 96.2891 68.8871 115.233 96.2473 14.2127 99.1441 66.226 66.0076 74.6726 53.9564 84.4038 75.9539 51.1957 87.5228 124.411 30.0 106.422 49.9567 65.521 83.1865 85.8145 
36.6742 23.3452 26.4008 55.5809 86.588 7.81025 80.2621 82.7647 81.3864 0.0 14.4222 7.28011 68.7438 76.4384 69.5821 50.6063 15.8114 79.0063 83.3426 51.1957 67.7147 34.176 37.855 30.0167 77.8267 25.2982 13.3417 75.6555 3.60555 17.1172 13.0 81.44 46.8722 8.544 28.0179 50.6063 79.0759 38.5148 93.1916 34.9285 15.6205 88.5494 42.7551 79.7664 48.5416 35.5106 14.4222 15.6205 32.28 37.1239 20.0998 42.107 15.0 82.3894 63.9393 46.6162 52.0865 25.9615 43.3186 89.0819 78.9272 42.0595 24.8395 47.0744 60.7454 31.0 32.0156 33.0 58.0199 21.9317 
48.0104 32.0156 30.8707 67.0 100.216 22.0227 94.687 90.7313 86.4523 14.4222 0.0 7.81025 73.5731 80.9938 74.8142 53.6004 17.0294 91.2688 88.3233 62.0725 82.1333 46.6476 35.2278 42.5793 85.8133 32.249 25.4951 84.7231 16.1555 30.6757 24.1868 89.8443 57.9396 18.3576 38.2753 58.5235 92.4175 52.9335 107.61 26.3059 4.47214 96.5734 34.2345 91.0494 62.9534 49.0408 5.65685 20.0998 43.0116 50.6579 32.5576 52.2015 20.2237 90.3554 77.4734 60.4124 44.911 17.72 55.0818 102.881 92.7234 40.6079 39.2046 54.037 62.2415 40.8044 38.8973 27.7308 72.4317 36.2353 
43.2897 25.1794 29.8329 62.2896 93.6623 14.4222 87.325 88.1792 85.465 7.28011 7.81025 0.0 72.8011 80.4301 73.6607 53.7401 12.53 86.0058 87.4212 57.7062 74.7889 38.9487 38.0789 37.0135 83.2586 26.0192 20.025 81.4032 10.0 24.3311 19.2354 87.0919 50.5964 10.7703 31.0483 55.9464 86.3134 45.5891 100.266 32.0156 10.4403 94.0213 40.0125 86.4696 55.6013 41.2311 10.0499 14.3178 38.6394 42.8477 27.0 45.1221 14.1421 87.8033 69.6632 53.8929 50.1597 23.0 50.0899 96.1562 86.2039 42.9418 31.6228 48.0937 63.2535 33.7343 36.7151 31.7805 65.0796 28.6007 
50.3359 89.1474 43.0116 39.4082 80.7775 70.0301 88.8575 23.0868 13.0 68.7438 73.5731 72.8011 0.0 7.81025 8.60233 20.8806 84.4032 53.0 14.7648 40.2981 75.964 96.6682 43.9318 72.1462 20.5913 92.2335 58.083 29.0 65.2023 60.6349 57.0185 25.9422 112.653 76.5967 90.9716 28.033 64.8845 69.558 92.1141 60.208 69.8355 28.6356 59.1354 44.8219 77.8748 95.8883 68.0955 84.2985 47.0435 89.782 56.6639 103.01 83.6047 21.8403 94.6529 61.7348 54.3323 61.6847 49.4652 83.3847 74.0 38.4708 81.0157 112.019 18.6815 94.1006 37.3141 52.6308 78.7181 73.5914 
56.1601 96.842 50.6063 44.5995 84.7703 77.7247 93.9042 21.4009 7.07107 76.4384 80.9938 80.4301 7.81025 0.0 13.0 27.7308 92.0978 55.9464 8.06226 46.1222 81.1542 102.492 50.2892 77.9703 20.6155 99.9281 65.7776 30.8869 72.8969 68.3295 64.7131 25.4558 118.477 84.2913 98.6662 33.8571 68.6222 75.3821 96.1665 66.4831 77.1751 25.9422 64.7765 47.0106 83.6989 101.712 75.4718 91.9931 54.5563 95.6061 64.3585 114.55 91.2993 20.0 100.477 67.559 59.0 68.542 55.2893 87.2812 78.339 44.643 86.8398 119.713 23.0217 101.795 45.0087 59.1354 83.9095 85.1316 
43.2713 88.6143 43.9813 31.6308 72.45 70.4523 81.0494 17.0 13.8924 69.5821 74.8142 73.6607 8.60233 13.0 0.0 25.02 85.2414 44.4185 16.1245 32.5208 68.1867 89.6035 48.0416 65.0815 13.3417 92.085 58.747 20.5183 66.0405 59.2864 58.5716 18.6815 105.589 78.1539 89.7481 20.9684 56.4624 62.4934 83.8153 64.195 71.3194 23.0217 64.0703 36.2353 70.0974 88.8237 69.4861 86.2046 41.6675 82.7174 55.3154 101.661 85.3645 16.0312 86.8755 53.9575 60.4152 64.5368 42.4006 75.0267 65.8027 43.0116 73.9511 110.84 25.9422 92.8499 38.1524 56.3205 70.9407 72.2429 
33.8489 72.0694 24.2074 47.119 89.716 52.8394 91.5659 42.0119 33.8378 50.6063 53.6004 53.7401 20.8806 27.7308 25.02 0.0 65.8559 63.0317 35.4683 41.4099 77.1733 74.5996 23.1948 50.4569 38.2099 74.9466 41.1461 42.72 47.2017 44.2719 39.8246 43.4166 88.9132 58.8218 74.3236 25.6056 77.3441 60.527 99.7201 39.4588 49.6488 48.0 39.0512 56.3009 70.3797 73.9942 48.0104 66.2193 31.0703 75.59 40.3115 86.6487 65.6049 41.0 89.1142 55.247 36.0555 40.8534 38.8595 92.5438 81.9268 18.0 58.9472 95.2733 11.1803 77.4726 20.8806 31.7805 74.6396 57.239 
51.6403 16.6433 41.7253 70.2713 96.1041 18.2483 88.2844 98.4886 97.0457 15.8114 17.0294 12.53 84.4032 92.0978 85.2414 65.8559 0.0 92.5419 99.002 66.1916 76.6551 33.9706 50.5668 44.1475 93.5361 15.8114 28.6356 91.097 19.4165 30.8058 28.6531 97.0988 43.0465 10.0499 23.6008 66.3702 91.0879 48.3735 101.927 43.2897 21.2132 104.235 51.2445 94.1488 57.0098 38.2753 21.587 4.24264 47.5395 40.6119 34.7851 36.6742 5.0 98.121 67.1193 58.0775 61.8142 34.5254 59.2713 98.4886 89.2693 55.4707 32.7567 37.1214 75.6042 25.5539 47.8017 43.9659 66.3165 29.6142 
43.4166 86.4002 66.0984 25.0 30.0666 74.3303 43.1741 38.4708 52.4976 79.0063 91.2688 86.0058 53.0 55.9464 44.4185 63.0317 92.5419 0.0 54.1202 30.6757 34.9857 75.0215 80.038 49.0 36.4005 90.5207 66.0303 25.2982 76.0066 62.0725 67.1193 33.3766 84.3149 82.4924 83.2176 42.4503 14.0357 46.8188 41.3038 93.1288 89.6772 39.0 96.7436 10.0 48.8262 67.7564 87.6926 89.9444 48.6621 61.65 59.0085 87.3325 88.955 39.6232 59.203 36.4005 96.902 89.2861 36.2215 32.249 25.318 76.9261 62.3618 100.734 67.9505 85.4138 57.283 85.4473 43.8634 65.0369 
59.0733 104.416 57.6888 46.0273 83.7437 84.6289 94.1329 16.6433 2.23607 83.3426 88.3233 87.4212 14.7648 8.06226 16.1245 35.4683 99.002 54.1202 0.0 46.9173 82.0549 105.405 58.2409 80.8835 17.72 106.832 72.6818 28.8617 79.8011 75.0883 71.6173 21.4709 121.391 91.1955 105.55 36.7703 67.4685 76.1772 95.1262 74.4648 84.5991 19.8494 72.8354 44.5982 84.494 104.626 82.8553 98.8973 57.4695 98.5193 71.1174 117.463 98.2035 15.2643 101.272 68.354 67.0075 76.3217 56.0844 86.122 77.7817 52.6308 89.753 126.642 31.0644 108.652 51.9129 67.0522 85.3288 88.0448 
14.5602 64.4505 35.4401 5.83095 50.6063 48.6589 55.3624 36.893 44.7893 51.1957 62.0725 57.7062 40.2981 46.1222 32.5208 41.4099 66.1916 30.6757 46.9173 0.0 41.4849 61.5478 50.1846 23.7831 32.2594 68.3817 37.855 25.2389 47.8539 37.4008 38.4708 33.5172 73.4259 56.6124 64.0275 26.0773 36.8782 30.3305 61.2944 62.4577 60.0083 41.3244 66.1594 29.0 39.5601 56.6608 58.0086 64.6653 19.105 50.5545 33.4298 74.2828 63.7804 37.2189 57.4282 23.5372 68.3867 58.6941 9.21954 53.4135 43.0116 48.6535 47.305 86.2822 52.5681 66.9976 26.6119 54.7762 42.0119 45.5968 
44.7774 65.2763 69.1651 37.4833 20.0 60.5392 14.4222 69.0507 80.025 67.7147 82.1333 74.7889 75.964 81.1542 68.1867 77.1733 76.6551 34.9857 82.0549 41.4849 0.0 49.0918 85.5106 43.1393 65.4905 69.1809 58.2863 54.9181 66.5385 52.6712 60.0844 64.3273 54.7083 67.3573 60.0083 65.9801 23.3452 29.5296 25.4951 94.1274 82.9055 71.3092 100.452 43.8634 22.0907 42.0119 81.1211 73.014 50.1315 37.2156 51.6434 59.439 72.0398 69.8713 24.7588 23.3452 103.924 87.0766 38.4708 22.0907 14.8661 84.3491 43.9659 73.0068 88.3316 61.0328 61.474 88.5283 12.1655 47.1275 
59.6923 18.3576 53.1507 61.7192 69.0652 26.9258 57.7062 97.3703 103.175 34.176 46.6476 38.9487 96.6682 102.492 89.6035 74.5996 33.9706 75.0215 105.405 61.5478 49.0918 0.0 69.1158 40.1652 92.7366 21.5407 35.0143 85.0431 35.171 30.4138 37.0 93.8942 14.3178 28.3019 11.7047 69.0054 68.6804 31.6917 72.4431 68.9638 49.1935 101.802 76.6551 80.7771 27.4591 7.28011 48.3322 29.7321 49.1188 13.8924 35.0098 13.4536 29.0 97.6961 34.0147 40.552 85.3288 60.0833 53.6301 71.007 63.5059 72.0069 17.8219 26.0768 85.7023 12.0416 53.7301 66.0984 37.0135 17.4658 
41.0366 61.1882 17.8885 55.8938 98.4124 43.1045 99.9032 65.0308 56.7539 37.855 35.2278 38.0789 43.9318 50.2892 48.0416 23.1948 50.5668 80.038 58.2409 50.1846 85.5106 69.1158 0.0 46.9155 61.0082 63.0635 34.3657 64.1547 35.3553 40.025 32.249 66.0681 83.006 46.3249 65.3758 37.9696 86.1188 67.5044 108.209 16.2788 30.8058 71.0634 16.7631 75.6108 78.7538 68.9016 29.6816 52.2015 36.2353 71.027 37.0 79.1581 51.8652 64.0703 99.2433 63.9282 18.6011 19.2094 47.4236 101.237 90.6091 5.83095 54.3842 84.9294 28.6531 68.469 24.0416 8.94427 83.2806 52.6118 
21.2152 41.6173 29.4286 26.1529 59.1692 25.9615 57.3149 60.4614 78.6532 30.0167 42.5793 37.0135 72.1462 77.9703 65.0815 50.4569 44.1475 49.0 80.8835 23.7831 43.1393 40.1652 46.9155 0.0 55.8278 45.4863 17.1172 48.8138 27.0185 13.3417 18.4604 57.0856 54.4787 34.2053 41.2352 44.4834 50.0 21.9371 67.8012 52.2899 41.5448 64.8928 58.6145 50.0311 31.8955 39.5598 39.6408 42.0595 24.5967 41.1555 10.0499 52.3443 41.1096 60.7873 50.9909 19.8494 64.8925 45.2391 15.1529 61.9112 51.4782 48.6637 24.5127 62.2117 61.6151 44.2053 29.2081 46.6909 37.7134 22.8045 
46.5952 94.8738 55.3859 31.305 66.0984 76.7118 77.0 5.0 16.1555 77.8267 85.8133 83.2586 20.5913 20.6155 13.3417 38.2099 93.5361 36.4005 17.72 32.2594 65.4905 92.7366 61.0082 55.8278 0.0 98.3445 65.0095 11.1803 74.2428 65.5459 64.8845 5.38516 104.615 84.4134 96.0723 27.313 49.8197 61.5193 77.4661 77.026 82.7723 10.7703 77.2334 26.9258 69.7782 87.8496 80.8414 92.4649 47.9271 81.7433 61.5749 105.472 91.6241 5.0 86.0233 53.6656 73.7564 76.7919 41.4265 68.4471 60.2993 56.1427 78.93 116.759 39.0 99.0423 46.9174 69.0652 69.9214 77.6415 
55.648 4.12311 51.0 70.7384 89.1403 22.2036 78.8543 103.31 105.657 25.2982 32.249 26.0192 92.2335 99.9281 92.085 74.9466 15.8114 90.5207 106.832 68.3817 69.1809 21.5407 63.0635 45.4863 98.3445 0.0 34.2053 93.4124 28.2312 33.3017 35.2278 101.684 27.8029 16.7631 9.84886 71.4868 86.7006 43.9318 93.3809 58.0 36.0555 109.491 66.0 94.1927 47.0956 27.6586 36.0 12.1655 51.6002 32.0156 38.2099 21.095 12.0416 102.978 55.5428 54.3415 76.1643 49.0102 59.7515 91.2688 83.0 67.3573 28.1603 22.0907 85.4751 10.6301 55.0 57.5587 57.4282 25.632 
23.3452 31.0644 18.2483 42.2966 75.1532 12.0416 72.4166 69.9751 70.7255 13.3417 25.4951 20.025 58.083 65.7776 58.747 41.1461 28.6356 66.0303 72.6818 37.855 58.2863 35.0143 34.3657 17.1172 65.0095 34.2053 0.0 62.6515 10.0499 6.40312 2.23607 68.5616 49.163 19.4165 33.2415 38.0132 66.9403 32.9885 83.2208 37.4433 24.6982 75.6982 44.2945 66.4831 43.0186 34.6215 22.8473 27.4591 18.9737 36.6926 7.07107 46.0977 26.6271 69.6419 63.5081 35.3412 51.5461 29.7321 30.0666 77.8206 67.624 37.0 20.0499 54.1295 52.0 36.4005 20.8087 32.6956 52.497 18.2483 
39.5811 89.4812 55.1453 23.3452 54.9181 73.5643 66.0303 14.1421 27.2029 75.6555 84.7231 81.4032 29.0 30.8869 20.5183 42.72 91.097 25.2982 28.8617 25.2389 54.9181 85.0431 64.1547 48.8138 11.1803 93.4124 62.6515 0.0 72.0936 62.3062 62.6756 9.48683 95.263 81.5177 89.0064 27.0 38.6394 53.8145 66.2873 79.5222 82.0366 17.0 80.8125 16.1245 61.0574 80.1561 80.0625 89.5707 43.704 74.0498 58.3352 97.7781 88.6858 15.0333 76.3217 45.2217 78.7718 78.0 34.4093 57.2713 49.163 59.9083 71.9002 109.065 46.0435 91.5928 46.2709 71.4602 60.1664 70.5756 
33.3766 25.9615 23.0217 52.345 84.0858 8.24621 79.0921 79.177 77.8448 3.60555 16.1555 10.0 65.2023 72.8969 66.0405 47.2017 19.4165 76.0066 79.8011 47.8539 66.5385 35.171 35.3553 27.0185 74.2428 28.2312 10.0499 72.0936 0.0 14.5602 9.48683 77.8781 48.3735 11.6619 30.0666 47.0106 76.4853 37.3387 92.0154 33.8378 16.4012 84.9706 41.4849 76.531 47.3688 35.9153 14.8661 19.105 28.8617 37.511 17.0 44.0 18.4391 78.8012 64.3265 44.2825 50.3587 25.0799 40.1123 86.7512 76.5935 39.2938 24.0832 49.7293 57.4543 33.1361 28.4253 31.1448 56.8471 21.4009 
22.8494 29.6985 23.0217 39.4764 69.5401 12.6491 69.4626 70.5115 72.858 17.1172 30.6757 24.3311 60.6349 68.3295 59.2864 44.2719 30.8058 62.0725 75.0883 37.4008 52.6712 30.4138 40.025 13.3417 65.5459 33.3017 6.40312 62.3062 14.5602 0.0 8.60233 69.098 44.7214 20.8806 30.5287 38.6882 61.9839 27.7091 77.6057 43.8292 30.4138 76.2346 50.6063 63.3546 37.7392 29.8175 28.6531 28.7924 18.8016 31.4132 5.0 42.3792 27.8568 70.179 58.2287 29.7368 57.5847 36.1248 28.4764 72.2055 62.0477 42.19 14.7705 51.6236 55.3624 33.6155 23.4094 38.9102 47.2176 13.0623 
24.0832 32.249 16.4924 43.1045 76.922 13.0384 74.2147 69.8355 69.6611 13.0 24.1868 19.2354 57.0185 64.7131 58.5716 39.8246 28.6531 67.1193 71.6173 38.4708 60.0844 37.0 32.249 18.4604 64.8845 35.2278 2.23607 62.6756 9.48683 8.60233 0.0 68.4602 51.0882 19.8494 34.7851 37.7359 68.4105 38.8358 85.0189 35.2278 23.0868 75.591 42.0595 67.2681 45.2011 36.6737 21.1896 27.8029 19.4165 38.8752 8.544 47.8539 27.0185 69.4622 65.6906 37.1214 49.3356 27.5862 31.0 79.6053 69.3542 35.0143 22.2324 55.5428 50.5668 37.9473 19.8494 30.4631 54.6795 20.3961 
47.8529 97.753 59.4485 32.2025 63.3877 80.264 75.1665 5.09902 20.2485 81.44 89.8443 87.0919 25.9422 25.4558 18.6815 43.4166 97.0988 33.3766 21.4709 33.5172 64.3273 93.8942 66.0681 57.0856 5.38516 101.684 68.5616 9.48683 77.8781 69.098 68.4602 0.0 105.772 87.9656 97.33 31.3209 47.1699 62.6768 74.6726 82.0 86.8332 7.81025 82.3893 23.5372 70.3278 89.0072 84.8999 96.017 51.4792 82.9008 65.1271 106.629 95.1762 6.32456 85.7963 54.3783 79.0759 81.4985 42.6843 65.6201 58.0086 61.2944 80.1877 118.016 44.3847 100.3 50.9608 74.0068 69.6419 78.8993 
71.5704 26.4197 67.3647 72.3689 73.9797 40.1995 60.208 109.248 119.16 46.8722 57.9396 50.5964 112.653 118.477 105.589 88.9132 43.0465 84.3149 121.391 73.4259 54.7083 14.3178 83.006 54.4787 104.615 27.8029 49.163 95.263 48.3735 44.7214 51.0882 105.772 0.0 39.8497 19.6977 83.319 76.4853 45.5575 75.2396 81.7863 61.0328 113.578 89.627 90.2718 35.5106 18.868 60.4401 38.9487 63.4323 25.807 49.3234 7.2111 38.4708 109.574 34.0 50.0519 98.732 72.7805 65.5081 75.505 69.5701 86.093 32.1395 19.0 100.016 17.4929 68.0437 79.511 42.72 31.7834 
42.061 15.0333 34.6699 60.2969 86.5852 8.24621 79.5047 89.3791 89.2393 8.544 18.3576 10.7703 76.5967 84.2913 78.1539 58.8218 10.0499 82.4924 91.1955 56.6124 67.3573 28.3019 46.3249 34.2053 84.4134 16.7631 19.4165 81.5177 11.6619 20.8806 19.8494 87.9656 39.8497 0.0 20.3961 57.4282 81.1647 38.6394 92.6986 42.2966 21.1896 95.1022 50.2494 84.1724 47.7809 31.1127 20.6155 8.06226 38.0132 32.8696 25.0799 34.5254 7.2111 89.0466 59.6851 48.1739 60.0 33.2415 49.2969 89.0225 79.6241 50.5964 23.4094 38.6394 69.1158 23.1948 39.598 41.1096 57.2592 20.2485 
61.4597 7.07107 51.2445 66.3842 80.0062 22.3607 69.2315 100.706 103.32 28.0179 38.2753 31.0483 90.9716 98.6662 89.7481 74.3236 23.6008 83.2176 105.55 64.0275 60.0083 11.7047 65.3758 41.2352 96.0723 9.84886 33.2415 89.0064 30.0666 30.5287 34.7851 97.33 19.6977 20.3961 0.0 69.15 78.5674 36.4006 83.863 62.6498 41.4849 105.137 70.5762 87.2479 38.0132 18.1108 41.0 19.4165 49.2633 23.1948 35.5106 14.1421 18.868 101.032 45.6946 46.8222 80.0999 53.6004 55.3974 82.0549 74.108 69.0507 21.6333 21.095 85.235 3.16228 53.6656 61.0082 48.0937 19.8494 
22.6732 68.0162 28.2843 25.1873 67.1804 49.8197 74.695 32.2412 34.5401 50.6063 58.5235 55.9464 28.033 33.8571 20.9684 25.6056 66.3702 42.4503 36.7703 26.0773 65.9801 69.0054 37.9696 44.4834 27.313 71.4868 38.0132 27.0 47.0106 38.6882 37.7359 31.3209 83.319 57.4282 69.15 0.0 51.8711 49.6777 78.3847 52.7731 55.5428 38.0789 54.7224 37.6962 59.5305 68.4 53.6004 65.4599 21.0694 69.9957 34.7173 81.0629 64.6375 31.8654 78.265 44.3978 54.7846 51.0 27.6663 69.8786 60.1059 34.8087 53.3529 90.2416 36.7638 72.2517 19.6469 44.7214 63.7904 51.6447 
46.5188 82.6075 70.7107 31.1448 16.2788 73.3348 29.4109 52.2398 65.7343 79.0759 92.4175 86.3134 64.8845 68.6222 56.4624 77.3441 91.0879 14.0357 67.4685 36.8782 23.3452 68.6804 86.1188 50.0 49.8197 86.7006 66.9403 38.6394 76.4853 61.9839 68.4105 47.1699 76.4853 81.1647 78.5674 51.8711 0.0 43.0465 27.6586 98.0051 91.4955 53.0094 102.083 24.0208 41.4367 61.4003 89.5915 88.0057 51.8941 55.3732 59.9083 80.4114 87.0057 53.3385 48.1041 33.0151 104.321 93.1098 39.3573 18.6815 11.4018 84.5877 59.0762 93.984 78.7874 80.064 62.434 90.5539 34.1321 62.0322 
28.475 39.8121 50.0175 30.4795 48.0833 31.3516 42.8019 66.1529 74.0492 38.5148 52.9335 45.5891 69.558 75.3821 62.4934 60.527 48.3735 46.8188 76.1772 30.3305 29.5296 31.6917 67.5044 21.9371 61.5193 43.9318 32.9885 53.8145 37.3387 27.7091 38.8358 62.6768 45.5575 38.6394 36.4006 49.6777 43.0465 0.0 55.0091 72.1864 53.7057 70.4824 79.2034 51.1077 12.6671 28.7925 52.2045 45.0999 33.8291 22.6861 30.3949 44.4267 44.1022 66.4787 32.0812 10.4403 85.4814 65.6714 22.3681 50.5964 41.0 69.2526 16.0312 55.7137 71.6852 38.5967 49.797 67.2798 21.2603 19.0 
67.4761 89.627 91.8638 56.0803 11.4018 86.0058 15.0333 79.7621 93.3916 93.1916 107.61 100.266 92.1141 96.1665 83.8153 99.7201 101.927 41.3038 95.1262 61.2944 25.4951 72.4431 108.209 67.8012 77.4661 93.3809 83.2208 66.2873 92.0154 77.6057 85.0189 74.6726 75.2396 92.6986 83.863 78.3847 27.6586 55.0091 0.0 119.062 107.88 80.1561 123.617 51.2445 46.8402 65.7647 106.056 98.4355 72.8302 61.8466 76.5779 81.0247 97.3109 80.895 41.4367 48.0104 126.621 112.011 60.8769 9.05539 18.3576 106.963 69.2893 94.1913 105.653 84.4808 84.1726 111.845 36.1386 72.4502 
51.6236 57.1402 27.2947 68.1668 109.361 42.0595 108.258 81.1542 73.0068 34.9285 26.3059 32.0156 60.208 66.4831 64.195 39.4588 43.2897 93.1288 74.4648 62.4577 94.1274 68.9638 16.2788 52.2899 77.026 58.0 37.4433 79.5222 33.8378 43.8292 35.2278 82.0 81.7863 42.2966 62.6498 52.7731 98.0051 72.1864 119.062 0.0 22.0907 87.2067 8.0 89.9889 79.7968 69.7006 22.0 46.0435 46.3249 71.2963 42.5206 76.7919 46.0109 80.2247 100.286 71.1263 18.6815 9.05539 58.6686 112.18 101.551 21.8403 56.8243 80.025 44.3847 65.4905 35.8469 8.06226 87.9626 54.5619 
46.2709 35.5106 27.5136 65.123 99.8145 23.4307 95.4591 87.6902 82.7647 15.6205 4.47214 10.4403 69.8355 77.1751 71.3194 49.6488 21.2132 89.6772 84.5991 60.0083 82.9055 49.1935 30.8058 41.5448 82.7723 36.0555 24.6982 82.0366 16.4012 30.4138 23.0868 86.8332 61.0328 21.1896 41.4849 55.5428 91.4955 53.7057 107.88 22.0907 0.0 93.5323 30.0666 89.0056 63.7357 51.0392 2.0 24.0 41.1096 52.6362 31.6228 55.5428 24.0208 86.8792 79.4517 60.0083 40.6079 13.3417 53.4603 102.48 92.3093 36.2353 40.3113 58.0 58.0517 44.1475 35.9026 23.2594 73.2141 37.4833 
55.6602 105.56 66.146 40.0 69.029 87.4005 81.6149 6.08276 19.4165 88.5494 96.5734 94.0213 28.6356 25.9422 23.0217 48.0 104.235 39.0 19.8494 41.3244 71.3092 101.802 71.0634 64.8928 10.7703 109.491 75.6982 17.0 84.9706 76.2346 75.591 7.81025 113.578 95.1022 105.137 38.0789 53.0094 70.4824 80.1561 87.2067 93.5323 0.0 87.023 29.0 78.032 96.8128 91.6014 103.154 58.6158 90.7064 72.2636 114.537 102.313 7.0 93.2309 62.1289 82.8734 87.2983 50.4915 71.1126 64.1249 66.0 87.995 125.824 47.2969 108.107 57.6775 79.3095 77.0779 86.7065 
56.2228 65.123 31.8904 71.8686 113.882 49.7293 114.582 81.0555 71.5681 42.7551 34.2345 40.0125 59.1354 64.7765 64.0703 39.0512 51.2445 96.7436 72.8354 66.1594 100.452 76.6551 16.7631 58.6145 77.2334 66.0 44.2945 80.8125 41.4849 50.6063 42.0595 82.3893 89.627 50.2494 70.5762 54.7224 102.083 79.2034 123.617 8.0 30.0666 87.023 0.0 92.358 86.9483 77.2245 30.0 54.037 51.0882 78.8202 48.8262 84.7172 54.0093 80.025 107.438 77.4508 11.1803 17.0294 63.0079 116.7 106.072 21.095 63.9766 88.0227 41.9762 73.437 39.6611 12.0416 94.9797 61.8466 
43.1856 90.2616 63.8836 24.1868 40.05 75.9276 52.9528 28.6356 43.0813 79.7664 91.0494 86.4696 44.8219 47.0106 36.2353 56.3009 94.1488 10.0 44.5982 29.0 43.8634 80.7771 75.6108 50.0311 26.9258 94.1927 66.4831 16.1245 76.531 63.3546 67.2681 23.5372 90.2718 84.1724 87.2479 37.6962 24.0208 51.1077 51.2445 89.9889 89.0056 29.0 92.358 0.0 55.1725 73.512 87.0057 91.9239 48.0416 67.4056 61.9452 93.0881 90.956 29.8329 67.4166 41.0488 92.2713 87.2072 36.4966 42.19 35.2278 72.45 66.1348 106.597 60.959 89.4798 54.8286 82.0061 51.614 68.8098 
38.3277 43.1856 61.2669 38.4838 42.0476 41.2445 33.1059 74.2428 82.366 48.5416 62.9534 55.6013 77.8748 83.6989 70.0974 70.3797 57.0098 48.8262 84.494 39.5601 22.0907 27.4591 78.7538 31.8955 69.7782 47.0956 43.0186 61.0574 47.3688 37.7392 45.2011 70.3278 35.5106 47.7809 38.0132 59.5305 41.4367 12.6671 46.8402 79.7968 63.7357 78.032 86.9483 55.1725 0.0 20.2237 62.2346 51.7187 43.6819 15.1327 42.3261 39.0 50.8131 74.686 19.4165 16.1555 96.7308 71.5578 32.249 44.1814 36.1248 80.502 24.3716 52.5547 81.538 39.2046 61.0464 75.5572 10.7703 27.5325 
54.8053 24.0416 52.7553 56.8322 62.0081 27.7849 51.1957 92.4832 102.395 35.5106 49.0408 41.2311 95.8883 101.712 88.8237 73.9942 38.2753 67.7564 104.626 56.6608 42.0119 7.28011 68.9016 39.5598 87.8496 27.6586 34.6215 80.1561 35.9153 29.8175 36.6737 89.0072 18.868 31.1127 18.1108 68.4 61.4003 28.7925 65.7647 69.7006 51.0392 96.8128 77.2245 73.512 20.2237 0.0 49.93 34.1321 48.5133 7.07107 34.4044 20.0 33.2866 92.8091 28.8444 33.2869 85.5049 60.9951 48.7431 64.0078 56.3205 71.8452 17.2047 33.121 85.0969 19.0263 53.1247 66.3258 30.0167 16.8485 
44.2832 35.2278 25.632 63.1269 97.99 22.2036 93.958 85.7593 81.0062 14.4222 5.65685 10.0499 68.0955 75.4718 69.4861 48.0104 21.587 87.6926 82.8553 58.0086 81.1211 48.3322 29.6816 39.6408 80.8414 36.0 22.8473 80.0625 14.8661 28.6531 21.1896 84.8999 60.4401 20.6155 41.0 53.6004 89.5915 52.2045 106.056 22.0 2.0 91.6014 30.0 87.0057 62.2346 49.93 0.0 24.0832 39.1152 51.5381 29.7321 55.109 24.0208 85.0459 78.3536 58.1808 40.3113 13.0384 51.4782 100.655 90.471 35.0 38.8973 58.0345 56.5862 43.7379 33.9559 22.4722 71.713 36.1248 
50.1139 12.53 42.0119 68.0818 92.5743 16.1555 84.2713 97.4305 96.9411 15.6205 20.0998 14.3178 84.2985 91.9931 86.2046 66.2193 4.24264 89.9444 98.8973 64.6653 73.014 29.7321 52.2015 42.0595 92.4649 12.1655 27.4591 89.5707 19.105 28.7924 27.8029 96.017 38.9487 8.06226 19.4165 65.4599 88.0057 45.0999 98.4355 46.0435 24.0 103.154 54.037 91.9239 51.7187 34.1321 24.0832 0.0 46.0661 36.5988 33.1059 32.6956 1.0 97.098 62.9682 55.0 64.3817 37.1214 57.0818 94.921 85.8429 56.8595 29.2746 34.0 76.2758 21.4709 47.4236 46.0977 62.3034 26.1725 
5.38516 48.1295 19.2094 24.0208 63.0954 30.0597 64.5241 52.8927 55.2392 32.28 43.0116 38.6394 47.0435 54.5563 41.6675 31.0703 47.5395 48.6621 57.4695 19.105 50.1315 49.1188 36.2353 24.5967 47.9271 51.6002 18.9737 43.704 28.8617 18.8016 19.4165 51.4792 63.4323 38.0132 49.2633 21.0694 51.8941 33.8291 72.8302 46.3249 41.1096 58.6158 51.0882 48.0416 43.6819 48.5133 39.1152 46.0661 0.0 50.1091 14.8306 61.1762 45.1812 52.5602 62.4164 28.5492 54.8179 41.2311 12.6491 65.914 55.2853 35.8469 33.4663 70.355 42.2286 52.3651 12.53 39.2046 47.9418 31.7581 
48.699 28.0713 54.351 50.7258 57.1402 29.4334 47.7598 86.3769 96.2891 37.1239 50.6579 42.8477 89.782 95.6061 82.7174 75.59 40.6119 61.65 98.5193 50.5545 37.2156 13.8924 71.027 41.1555 81.7433 32.0156 36.6926 74.0498 37.511 31.4132 38.8752 82.9008 25.807 32.8696 23.1948 69.9957 55.3732 22.6861 61.8466 71.2963 52.6362 90.7064 78.8202 67.4056 15.1327 7.07107 51.5381 36.5988 50.1091 0.0 36.0001 27.0185 35.6931 86.7027 28.3196 27.1805 88.197 62.5908 42.6367 59.3043 51.0098 73.4409 18.8004 39.9625 87.1274 24.7386 54.7204 69.2313 25.7099 18.4443 
18.8785 34.6554 19.4165 37.7598 68.4251 17.0 65.7738 66.5406 68.8871 20.0998 32.5576 27.0 56.6639 64.3585 55.3154 40.3115 34.7851 59.0085 71.1174 33.4298 51.6434 35.0098 37.0 10.0499 61.5749 38.2099 7.07107 58.3352 17.0 5.0 8.544 65.1271 49.3234 25.0799 35.5106 34.7173 59.9083 30.3949 76.5779 42.5206 31.6228 72.2636 48.8262 61.9452 42.3261 34.4044 29.7321 33.1059 14.8306 36.0001 0.0 47.1699 32.2025 66.2081 62.8156 28.6531 55.0364 35.4683 25.4974 71.1196 60.8358 38.6394 19.3573 56.6039 51.4142 38.5876 19.442 36.8917 46.1711 17.6491 
72.4273 20.2485 64.3273 74.4541 79.0759 36.0555 66.0076 110.105 115.233 42.107 52.2015 45.1221 103.01 114.55 101.661 86.6487 36.6742 87.3325 117.463 74.2828 59.439 13.4536 79.1581 52.3443 105.472 21.095 46.0977 97.7781 44.0 42.3792 47.8539 106.629 7.2111 34.5254 14.1421 81.0629 80.4114 44.4267 81.0247 76.7919 55.5428 114.537 84.7172 93.0881 39.0 20.0 55.109 32.6956 61.1762 27.0185 47.1699 0.0 32.311 110.431 40.1995 52.863 94.1913 67.7422 66.365 80.7527 74.2159 82.6075 30.5568 13.6015 97.719 11.4018 65.7875 75.06 47.2969 29.9666 
49.229 12.083 41.4005 67.1202 91.5915 15.2315 83.3656 96.5897 96.2473 15.0 20.2237 14.1421 83.6047 91.2993 85.3645 65.6049 5.0 88.955 98.2035 63.7804 72.0398 29.0 51.8652 41.1096 91.6241 12.0416 26.6271 88.6858 18.4391 27.8568 27.0185 95.1762 38.4708 7.2111 18.868 64.6375 87.0057 44.1022 97.3109 46.0109 24.0208 102.313 54.0093 90.956 50.8131 33.2866 24.0208 1.0 45.1812 35.6931 32.2025 32.311 0.0 96.2572 62.1289 54.0 64.2806 37.054 56.1202 93.9415 84.8528 56.4624 28.2843 34.0147 75.7166 21.0238 46.6905 45.8912 61.3977 25.1794 
54.164 99.507 59.5411 36.2353 69.5845 81.345 81.0555 1.41421 14.2127 82.3894 90.3554 87.8033 21.8403 20.0 16.0312 41.0 98.121 39.6232 15.2643 37.2189 69.8713 97.6961 64.0703 60.7873 5.0 102.978 69.6419 15.0333 78.8012 70.179 69.4622 6.32456 109.574 89.0466 101.032 31.8654 53.3385 66.4787 80.895 80.2247 86.8792 7.0 80.025 29.8329 74.686 92.8091 85.0459 97.098 52.5602 86.7027 66.2081 110.431 96.2572 0.0 90.7579 58.5918 75.9539 80.4114 46.386 71.8471 64.0703 59.0 83.8894 121.718 40.5216 104.002 51.4595 72.3395 74.6324 82.601 
57.0623 52.3259 81.7564 55.3173 41.6293 56.2489 26.4764 90.1388 99.1441 63.9393 77.4734 69.6632 94.6529 100.477 86.8755 89.1142 67.1193 59.203 101.272 57.4282 24.7588 34.0147 99.2433 50.9909 86.0233 55.5428 63.5081 76.3217 64.3265 58.2287 65.6906 85.7963 34.0 59.6851 45.6946 78.265 48.1041 32.0812 41.4367 100.286 79.4517 93.2309 107.438 67.4166 19.4165 28.8444 78.3536 62.9682 62.4164 28.3196 62.8156 40.1995 62.1289 90.7579 0.0 34.0588 117.22 92.0472 51.0 42.72 38.833 100.991 45.6158 53.0 100.272 45.5412 81.5359 96.0467 16.1555 45.2597 
23.195 50.2195 48.2649 22.3607 39.8121 40.613 37.6431 58.1808 66.226 46.6162 60.4124 53.8929 61.7348 67.559 53.9575 55.247 58.0775 36.4005 68.354 23.5372 23.3452 40.552 63.9282 19.8494 53.6656 54.3415 35.3412 45.2217 44.2825 29.7368 37.1214 54.3783 50.0519 48.1739 46.8222 44.3978 33.0151 10.4403 48.0104 71.1263 60.0083 62.1289 77.4508 41.0488 16.1555 33.2869 58.1808 55.0 28.5492 27.1805 28.6531 52.863 54.0 58.5918 34.0588 0.0 82.3414 64.0754 17.1172 42.4853 32.311 62.7668 26.3059 66.2643 66.4052 49.0183 39.8916 65.5272 19.4165 29.1548 
59.5483 75.0067 36.3593 74.0958 116.692 58.5491 118.316 77.1038 66.0076 52.0865 44.911 50.1597 54.3323 59.0 60.4152 36.0555 61.8142 96.902 67.0075 68.3867 103.924 85.3288 18.6011 64.8925 73.7564 76.1643 51.5461 78.7718 50.3587 57.5847 49.3356 79.0759 98.732 60.0 80.0999 54.7846 104.321 85.4814 126.621 18.6815 40.6079 82.8734 11.1803 92.2713 96.7308 85.5049 40.3113 64.3817 54.8179 88.197 55.0364 94.1913 64.2806 75.9539 117.22 82.3414 0.0 27.2947 65.7647 119.52 108.904 20.0 71.5542 98.2497 36.0139 83.0542 42.5206 19.2354 101.258 69.6419 
46.6154 48.0937 23.3452 64.2884 103.83 33.2415 101.05 81.2158 74.6726 25.9615 17.72 23.0 61.6847 68.542 64.5368 40.8534 34.5254 89.2861 76.3217 58.6941 87.0766 60.0833 19.2094 45.2391 76.7919 49.0102 29.7321 78.0 25.0799 36.1248 27.5862 81.4985 72.7805 33.2415 53.6004 51.0 93.1098 65.6714 112.011 9.05539 13.3417 87.2983 17.0294 87.2072 71.5578 60.9951 13.0384 37.1214 41.2311 62.5908 35.4683 67.7422 37.054 80.4114 92.0472 64.0754 27.2947 0.0 53.8516 106.529 96.2279 25.0 48.5489 71.0634 47.7074 56.4358 32.3883 10.6301 81.0361 46.1411 
7.28011 55.8204 31.3847 12.3693 50.9902 41.0512 52.8394 46.0601 53.9564 43.3186 55.0818 50.0899 49.4652 55.2893 42.4006 38.8595 59.2713 36.2215 56.0844 9.21954 38.4708 53.6301 47.4236 15.1529 41.4265 59.7515 30.0666 34.4093 40.1123 28.4764 31.0 42.6843 65.5081 49.2969 55.3974 27.6663 39.3573 22.3681 60.8769 58.6686 53.4603 50.4915 63.0079 36.4966 32.249 48.7431 51.4782 57.0818 12.6491 42.6367 25.4974 66.365 56.1202 46.386 51.0 17.1172 65.7647 53.8516 0.0 53.8145 43.1856 46.0977 38.6749 77.6521 50.0177 58.3674 23.4307 51.3128 36.4966 36.9666 
60.5599 87.367 84.9476 48.0104 2.82843 81.9187 17.2047 70.7107 84.4038 89.0819 102.881 96.1562 83.3847 87.2812 75.0267 92.5438 98.4886 32.249 86.122 53.4135 22.0907 71.007 101.237 61.9112 68.4471 91.2688 77.8206 57.2713 86.7512 72.2055 79.6053 65.6201 75.505 89.0225 82.0549 69.8786 18.6815 50.5964 9.05539 112.18 102.48 71.1126 116.7 42.19 44.1814 64.0078 100.655 94.921 65.914 59.3043 71.1196 80.7527 93.9415 71.8471 42.72 42.4853 119.52 106.529 53.8145 0.0 10.6301 99.7874 65.7343 94.2019 97.0546 83.0 77.2334 104.929 34.0 68.884 
49.9311 79.0063 74.3188 37.7359 7.81025 72.343 18.0278 63.0317 75.9539 78.9272 92.7234 86.2039 74.0 78.339 65.8027 81.9268 89.2693 25.318 77.7817 43.0116 14.8661 63.5059 90.6091 51.4782 60.2993 83.0 67.624 49.163 76.5935 62.0477 69.3542 58.0086 69.5701 79.6241 74.108 60.1059 11.4018 41.0 18.3576 101.551 92.3093 64.1249 106.072 35.2278 36.1248 56.3205 90.471 85.8429 55.2853 51.0098 60.8358 74.2159 84.8528 64.0703 38.833 32.311 108.904 96.2279 43.1856 10.6301 0.0 89.1705 56.5685 87.8009 87.4226 75.326 66.6033 94.2997 26.9258 59.6825 
40.2244 65.2534 19.2354 54.3626 96.9596 46.6905 98.7418 60.0083 51.1957 42.0595 40.6079 42.9418 38.4708 44.643 43.0116 18.0 55.4707 76.9261 52.6308 48.6535 84.3491 72.0069 5.83095 48.6637 56.1427 67.3573 37.0 59.9083 39.2938 42.19 35.0143 61.2944 86.093 50.5964 69.0507 34.8087 84.5877 69.2526 106.963 21.8403 36.2353 66.0 21.095 72.45 80.502 71.8452 35.0 56.8595 35.8469 73.4409 38.6394 82.6075 56.4624 59.0 100.991 62.7668 20.0 25.0 46.0977 99.7874 89.1705 0.0 56.7981 89.0225 22.8254 72.1803 23.3238 14.7648 85.0288 55.0818 
44.7371 24.0416 37.7082 49.6617 63.3482 17.2047 56.0954 83.5636 87.5228 24.8395 39.2046 31.6228 81.0157 86.8398 73.9511 58.9472 32.7567 62.3618 89.753 47.305 43.9659 17.8219 54.3842 24.5127 78.93 28.1603 20.0499 71.9002 24.0832 14.7705 22.2324 80.1877 32.1395 23.4094 21.6333 53.3529 59.0762 16.0312 69.2893 56.8243 40.3113 87.995 63.9766 66.1348 24.3716 17.2047 38.8973 29.2746 33.4663 18.8004 19.3573 30.5568 28.2843 83.8894 45.6158 26.3059 71.5542 48.5489 38.6749 65.7343 56.5685 56.7981 0.0 41.7253 70.0499 24.2074 38.0776 52.5547 33.8499 3.16228 
83.7143 23.7697 71.8679 85.7412 92.5743 42.72 79.1581 121.392 124.411 47.0744 54.037 48.0937 112.019 119.713 110.84 95.2733 37.1214 100.734 126.642 86.2822 73.0068 26.0768 84.9294 62.2117 116.759 22.0907 54.1295 109.065 49.7293 51.6236 55.5428 118.016 19.0 38.6394 21.095 90.2416 93.984 55.7137 94.1913 80.025 58.0 125.824 88.0227 106.597 52.5547 33.121 58.0345 34.0 70.355 39.9625 56.6039 13.6015 34.0147 121.718 53.0 66.2643 98.2497 71.0634 77.6521 94.2019 87.8009 89.0225 41.7253 0.0 106.104 18.0278 74.7061 79.6304 60.8769 40.4599 
45.0071 82.7345 34.4819 52.5593 94.3904 63.5059 102.724 41.7612 30.0 60.7454 62.2415 63.2535 18.6815 23.0217 25.9422 11.1803 75.6042 67.9505 31.0644 52.5681 88.3316 85.7023 28.6531 61.6151 39.0 85.4751 52.0 46.0435 57.4543 55.3624 50.5668 44.3847 100.016 69.1158 85.235 36.7638 78.7874 71.6852 105.653 44.3847 58.0517 47.2969 41.9762 60.959 81.538 85.0969 56.5862 76.2758 42.2286 87.1274 51.4142 97.719 75.7166 40.5216 100.272 66.4052 36.0139 47.7074 50.0177 97.0546 87.4226 22.8254 70.0499 106.104 0.0 88.3912 32.0156 37.5899 85.7978 68.3417 
64.4297 8.94427 54.4059 68.6241 81.0247 25.4951 69.7209 103.676 106.422 31.0 40.8044 33.7343 94.1006 101.795 92.8499 77.4726 25.5539 85.4138 108.652 66.9976 61.0328 12.0416 68.469 44.2053 99.0423 10.6301 36.4005 91.5928 33.1361 33.6155 37.9473 100.3 17.4929 23.1948 3.16228 72.2517 80.064 38.5967 84.4808 65.4905 44.1475 108.107 73.437 89.4798 39.2046 19.0263 43.7379 21.4709 52.3651 24.7386 38.5876 11.4018 21.0238 104.002 45.5412 49.0183 83.0542 56.4358 58.3674 83.0 75.326 72.1803 24.2074 18.0278 88.3912 0.0 56.7979 64.0 49.0 22.6274 
17.0294 51.8652 9.05539 32.3211 74.411 32.8024 75.8666 51.8354 49.9567 32.0156 38.8973 36.7151 37.3141 45.0087 38.1524 20.8806 47.8017 57.283 51.9129 26.6119 61.474 53.7301 24.0416 29.2081 46.9174 55.0 20.8087 46.2709 28.4253 23.4094 19.8494 50.9608 68.0437 39.598 53.6656 19.6469 62.434 49.797 84.1726 35.8469 35.9026 57.6775 39.6611 54.8286 61.0464 53.1247 33.9559 47.4236 12.53 54.7204 19.442 65.7875 46.6905 51.4595 81.5359 39.8916 42.5206 32.3883 23.4307 77.2334 66.6033 23.3238 38.0776 74.7061 32.0156 56.7979 0.0 28.178 59.2842 36.3694 
44.4072 56.1427 20.0 60.4854 102.11 39.3192 102.659 73.2462 65.521 33.0 27.7308 31.7805 52.6308 59.1354 56.3205 31.7805 43.9659 85.4473 67.0522 54.7762 88.5283 66.0984 8.94427 46.6909 69.0652 57.5587 32.6956 71.4602 31.1448 38.9102 30.4631 74.0068 79.511 41.1096 61.0082 44.7214 90.5539 67.2798 111.845 8.06226 23.2594 79.3095 12.0416 82.0061 75.5572 66.3258 22.4722 46.0977 39.2046 69.2313 36.8917 75.06 45.8912 72.3395 96.0467 65.5272 19.2354 10.6301 51.3128 104.929 94.2997 14.7648 52.5547 79.6304 37.5899 64.0 28.178 0.0 83.0561 50.5964 
42.5876 53.6004 65.7938 39.4588 32.0624 50.7229 22.3607 74.0 83.1865 58.0199 72.4317 65.0796 78.7181 83.9095 70.9407 74.6396 66.3165 43.8634 85.3288 42.0119 12.1655 37.0135 83.2806 37.7134 69.9214 57.4282 52.497 60.1664 56.8471 47.2176 54.6795 69.6419 42.72 57.2592 48.0937 63.7904 34.1321 21.2603 36.1386 87.9626 73.2141 77.0779 94.9797 51.614 10.7703 30.0167 71.713 62.3034 47.9418 25.7099 46.1711 47.2969 61.3977 74.6324 16.1555 19.4165 101.258 81.0361 36.4966 34.0 26.9258 85.0288 33.8499 60.8769 85.7978 49.0 59.2842 83.0561 0.0 37.0109 
