NAME  : Jabali_70_3_0.90_1_1
TYPE : SVRP
MODEL : FINITE_SUPPORT
NUMBER_OF_SCENARIOS : 200
DIMENSION : 70
EDGE_WEIGHT_TYPE : MATRIX
CAPACITY : 139
N_VEHICLES : 3
NODE_COORD_SECTION
1 3550 4764
2 5760 3540
3 3644 6281
4 1845 44
5 4647 858
6 7486 4850
7 7098 1753
8 5875 7984
9 4875 1758
10 1366 5095
11 3652 756
12 6326 7824
13 2895 2624
14 4522 4607
15 3948 937
16 7440 4039
17 2186 4392
18 3403 1997
19 2394 4583
20 2202 18
21 2890 2286
22 6571 8317
23 2634 225
24 1406 1554
25 5772 7522
26 3031 6829
27 1239 6815
28 806 3670
29 4603 7046
30 4407 2334
31 3837 5727
32 2605 2825
33 5045 1198
34 6217 5443
35 4687 2032
36 3960 3892
37 5440 7031
38 3700 6642
39 995 4145
40 4981 5999
41 3719 8094
42 3918 6595
43 5378 7759
44 27 4860
45 956 6605
46 1392 2122
47 2276 3481
48 6968 3488
49 6653 6689
50 6993 5543
51 2954 7163
52 615 6057
53 5007 2764
54 2575 3092
55 7042 4627
56 3355 2704
57 2284 3064
58 2748 1338
59 2338 7080
60 4630 7483
61 4086 4077
62 7421 3151
63 2394 1331
64 7774 1889
65 6388 1522
66 6670 1558
67 553 4480
68 6302 6985
69 3564 7718
70 5103 3891
DEMAND_SECTION
1 0.0
2 1.0
3 1.0
4 7.0
5 8.0
6 3.0
7 9.0
8 10.0
9 5.0
10 5.0
11 8.0
12 8.0
13 8.0
14 9.0
15 5.0
16 1.0
17 3.0
18 5.0
19 9.0
20 4.0
21 7.0
22 10.0
23 8.0
24 9.0
25 2.0
26 3.0
27 1.0
28 10.0
29 1.0
30 8.0
31 5.0
32 6.0
33 5.0
34 4.0
35 1.0
36 9.0
37 3.0
38 6.0
39 7.0
40 2.0
41 9.0
42 2.0
43 5.0
44 5.0
45 2.0
46 8.0
47 1.0
48 3.0
49 9.0
50 7.0
51 2.0
52 10.0
53 7.0
54 9.0
55 9.0
56 9.0
57 1.0
58 7.0
59 6.0
60 2.0
61 8.0
62 3.0
63 9.0
64 1.0
65 3.0
66 5.0
67 8.0
68 6.0
69 1.0
70 3.0
DEVIATION_SECTION
1 0.0
2 0.333333
3 0.333333
4 2.33333
5 2.66667
6 1.0
7 3.0
8 3.33333
9 1.66667
10 1.66667
11 2.66667
12 2.66667
13 2.66667
14 3.0
15 1.66667
16 0.333333
17 1.0
18 1.66667
19 3.0
20 1.33333
21 2.33333
22 3.33333
23 2.66667
24 3.0
25 0.666667
26 1.0
27 0.333333
28 3.33333
29 0.333333
30 2.66667
31 1.66667
32 2.0
33 1.66667
34 1.33333
35 0.333333
36 3.0
37 1.0
38 2.0
39 2.33333
40 0.666667
41 3.0
42 0.666667
43 1.66667
44 1.66667
45 0.666667
46 2.66667
47 0.333333
48 1.0
49 3.0
50 2.33333
51 0.666667
52 3.33333
53 2.33333
54 3.0
55 3.0
56 3.0
57 0.333333
58 2.33333
59 2.0
60 0.666667
61 2.66667
62 1.0
63 3.0
64 0.333333
65 1.0
66 1.66667
67 2.66667
68 2.0
69 0.333333
70 1.0
DISTANCE_MATRIX
0.0 34.5102 23.7733 72.1249 56.9108 52.6308 64.1534 54.8179 49.3639 31.3847 55.5934 57.1402 35.0889 13.0 53.7944 52.3259 18.4391 39.4026 15.8114 70.1028 38.3121 64.0703 65.5102 58.9556 49.4065 34.1168 47.8107 40.0125 35.5314 39.1116 16.3335 34.8019 56.5859 38.0 46.7704 13.7793 41.6173 27.7612 36.4966 26.8328 47.2533 27.0457 48.8365 48.8467 47.3349 45.8957 23.8895 48.0104 50.2892 48.0416 38.0911 46.0936 36.1403 33.6417 47.1275 31.1127 28.5912 50.9345 42.0457 40.7458 12.1701 54.8179 53.0819 67.6663 62.0348 64.8161 41.7612 49.2443 42.8775 23.3452 
34.5102 0.0 49.1658 75.242 45.3594 43.5254 47.6433 68.0339 32.8537 65.7144 52.1856 67.8303 44.0571 23.8661 48.598 39.2655 56.6818 42.2415 49.7998 72.2851 45.4966 74.7343 66.6888 67.8558 62.2259 59.5093 82.17 69.407 55.3897 28.4165 41.726 46.054 40.0757 37.3196 30.2603 26.0 55.2385 52.566 67.8749 40.7805 71.0322 51.2966 64.3624 83.01 81.6942 65.0803 49.5216 32.7697 55.0109 44.3553 63.1204 80.4529 19.6301 46.3363 37.4429 38.1548 49.4475 54.6946 67.4383 60.6236 24.8114 39.0167 58.0408 51.1562 45.5246 48.306 74.6449 57.0104 67.2151 12.0 
23.7733 49.1658 0.0 90.6594 74.695 54.2033 75.7252 37.6962 64.0195 35.2278 74.1279 41.4849 53.6234 25.318 72.3289 58.0517 31.326 57.9371 29.4951 88.6373 56.8466 47.7598 84.0447 74.908 33.2415 10.8167 34.1321 51.6236 16.5529 56.8959 8.06226 53.3364 71.2415 36.0555 61.4261 32.235 26.3059 4.47214 46.1736 17.8885 24.0416 5.0 30.8707 53.0094 37.1214 64.6997 46.593 57.1402 40.3113 45.6508 14.3178 41.7857 50.7959 51.4057 50.2494 49.6472 51.2946 69.469 19.799 20.8087 30.6922 64.3506 71.6164 79.2381 76.5496 76.0823 48.6621 37.0 19.4165 37.108 
72.1249 75.242 90.6594 0.0 39.0128 99.5389 73.0068 119.503 46.5725 68.4471 26.1725 121.021 37.8021 70.2913 30.2655 92.5396 59.6154 33.6006 61.7414 4.12311 34.0588 128.085 10.0 22.0 113.846 94.6658 91.2195 52.0096 101.769 46.9574 83.2196 39.9625 45.1774 94.5616 46.8188 58.7321 106.066 94.6473 57.2189 90.5207 110.734 93.9319 114.095 70.1142 89.4427 29.0689 47.0106 83.6114 111.351 101.597 98.6401 83.4865 56.3649 42.5441 93.6216 41.0122 42.0476 21.2603 94.8995 107.632 60.9031 85.703 19.2094 82.0061 64.0703 67.0298 63.0079 111.69 106.83 69.242 
56.9108 45.3594 74.695 39.0128 0.0 65.5298 34.0 95.3932 12.53 70.5762 13.1529 95.1896 33.121 51.2254 9.48683 56.0007 57.1594 22.4722 58.8744 35.0571 30.2324 102.089 29.0172 44.2945 89.5853 85.0386 91.178 63.6003 82.749 20.2237 67.2552 37.5899 6.7082 64.2807 15.8114 43.4422 82.5979 78.683 65.5134 68.1399 97.1882 77.4984 91.7218 81.3019 90.5305 46.4004 46.5188 46.5684 82.1687 70.2987 89.0129 87.3155 25.9422 40.2492 60.9906 29.7321 42.5441 26.4197 92.9675 87.983 45.6133 47.7598 30.4138 43.0465 25.0799 28.0179 72.7186 84.3406 93.7993 39.3594 
52.6308 43.5254 54.2033 99.5389 65.5298 0.0 41.5933 47.676 54.7 83.4626 74.9421 44.1022 69.4899 39.8121 71.0977 10.7703 71.0634 67.4463 68.4105 96.2549 71.0219 49.0408 90.3809 93.3809 43.4166 64.5368 88.2498 92.0887 48.8262 52.811 50.6063 71.1126 58.8222 18.3848 52.8059 49.0408 40.7185 55.2268 89.0505 36.7967 66.5733 53.0754 48.3839 101.193 91.1701 90.4489 73.171 19.2094 28.1603 11.4018 67.2086 94.9747 43.3244 71.007 6.08276 63.6801 74.0 79.6994 73.8783 51.9711 47.0956 22.4722 83.2406 40.2616 44.8219 43.8292 94.3716 33.541 65.0 34.1321 
64.1534 47.6433 75.7252 73.0068 34.0 41.5933 0.0 84.7172 30.0832 90.731 47.0425 82.5651 57.8014 52.233 43.1045 30.8869 77.3141 49.7695 79.4431 69.029 56.7979 88.5268 63.0079 75.9605 79.404 86.4529 111.813 88.2326 77.8692 36.8917 69.1412 61.5873 28.1603 50.3587 32.6497 55.6433 74.027 78.567 88.1081 62.9388 95.1575 76.9005 83.0963 103.56 111.337 76.3217 68.4105 23.0868 66.9403 50.5964 90.0416 109.408 34.3052 63.2456 38.2753 52.1536 66.2873 58.4637 94.8535 82.5258 54.4547 19.4165 62.5859 9.21954 9.21954 6.08276 95.0966 71.1969 92.0683 40.6552 
54.8179 68.0339 37.6962 119.503 95.3932 47.676 84.7172 0.0 82.8876 72.3553 102.22 5.83095 82.4697 49.8197 98.6319 57.1402 68.9895 86.7553 67.1585 117.461 85.6928 10.198 112.863 105.804 5.83095 41.3038 64.1249 89.3197 21.1896 78.4504 42.19 82.1827 90.0542 34.3657 80.2942 60.8769 13.4536 34.4819 83.8153 29.0689 29.4109 32.8938 7.07107 89.2693 68.0661 99.7557 77.7495 62.1289 19.6469 36.3456 41.0122 75.0267 69.664 82.3015 48.0416 78.492 82.4511 98.3107 49.0 18.1108 58.7963 68.0 100.463 86.0233 85.6212 85.1381 85.9087 14.1421 31.4006 56.356 
49.3639 32.8537 64.0195 46.5725 12.53 54.7 30.0832 82.8876 0.0 63.521 21.0238 82.6801 28.4253 38.7198 17.0 46.4762 50.1041 19.6977 51.8191 43.0116 26.9258 89.5879 37.0 46.0977 77.0797 74.363 84.1227 59.4643 70.2434 9.48683 56.5797 32.5576 8.0 51.788 4.12311 34.867 70.0922 67.4198 60.208 55.6342 85.886 66.1503 79.2162 75.9276 83.6469 46.2385 40.4599 37.044 69.6761 57.806 78.3373 80.2661 13.4164 34.6554 48.8515 23.3452 37.4833 29.0689 82.292 75.4774 37.0381 39.3192 33.1361 39.2173 21.0238 24.1661 67.3573 71.8471 82.0688 26.8537 
31.3847 65.7144 35.2278 68.4471 70.5762 83.4626 90.731 72.3553 63.521 0.0 65.1153 76.4853 38.0789 44.3063 65.0 83.6635 15.0 48.7647 16.2788 68.7314 41.7732 82.5171 67.1193 47.1275 68.2495 32.5269 22.8035 19.8494 51.2096 54.4878 34.2345 33.7343 70.3575 67.0387 59.6744 44.9835 61.5224 37.8742 13.4536 51.1566 50.1626 39.6232 65.3792 18.2483 21.095 39.8497 24.5153 79.3241 75.0067 77.1958 33.9804 16.7631 59.6996 30.8058 78.1497 40.8534 29.2746 53.0377 27.6947 54.7602 43.3743 86.077 52.0384 98.8706 82.6366 85.5095 13.6015 72.111 45.6067 54.5541 
55.5934 52.1856 74.1279 26.1725 13.1529 74.9421 47.0425 102.22 21.0238 65.1153 0.0 102.016 27.1662 53.6841 4.12311 67.2398 52.241 17.0294 53.956 22.3607 23.3452 108.92 16.2788 32.2025 96.4116 84.4714 86.2567 55.0091 85.0013 24.0832 66.6881 31.4006 19.0263 71.5052 22.2036 42.1248 89.4242 78.1158 57.9396 73.9238 97.6079 77.4003 97.5591 73.4098 85.5862 35.3836 40.6079 57.8075 89.1965 78.0064 88.4457 81.7863 32.6497 34.3657 69.0936 26.1725 35.9026 14.8661 92.4003 90.2912 44.2959 59.6657 18.4391 56.1427 38.0 41.0122 65.0 91.1961 93.2322 46.1856 
57.1402 67.8303 41.4849 121.021 95.1896 44.1022 82.5651 5.83095 82.6801 76.4853 102.016 0.0 84.0982 50.9117 98.4282 54.0093 72.5618 88.2228 70.7308 118.929 87.3212 7.07107 114.33 107.965 8.24621 46.0435 69.3542 92.9731 25.318 78.2468 45.1885 83.8111 89.9059 32.573 80.0906 62.2896 15.6525 38.6394 87.6413 30.6105 35.1141 36.8782 12.1655 93.771 73.2462 102.308 80.3018 59.6825 16.0 33.0 46.0435 80.0062 69.4604 82.651 45.0999 80.0562 85.0035 99.7862 54.0833 23.0217 60.1415 65.192 102.069 83.2947 83.6291 83.1459 90.0278 11.4018 36.8782 56.3028 
35.0889 44.0571 53.6234 37.8021 33.121 69.4899 57.8014 82.4697 28.4253 38.0789 27.1662 84.0982 0.0 34.0 26.9258 65.0308 25.0866 10.7703 26.8015 36.3593 4.12311 91.1447 32.6956 24.3516 76.8133 63.967 59.0762 31.1127 65.3816 21.0238 46.1836 4.47214 34.0588 59.808 25.2389 22.3607 69.03 57.6114 32.45 53.5129 77.1034 56.8959 77.0587 48.2597 58.4209 21.0238 13.6015 57.4282 75.1798 68.6804 67.9413 54.8179 28.6356 7.28011 63.4202 6.08276 9.43398 17.4642 71.8959 70.5959 24.5967 62.3699 18.6011 66.6483 49.0918 52.1536 39.6611 75.1665 72.7277 35.3671 
13.0 23.8661 25.318 70.2913 51.2254 39.8121 52.233 49.8197 38.7198 44.3063 53.6841 50.9117 34.0 0.0 54.464 39.3573 31.3209 37.4933 28.7924 68.1991 36.8917 57.9828 63.6008 58.1808 44.0454 35.5074 57.4801 52.345 33.8378 34.2826 17.9234 34.176 45.9418 26.4764 36.1264 11.6619 36.4005 29.0689 49.2443 20.8087 48.0937 28.0 44.9444 61.8466 60.2558 53.7587 34.1321 35.4683 41.1825 36.1248 39.3178 59.0145 25.4962 33.2415 34.2053 29.4109 35.9026 49.0567 43.6356 39.2173 9.43398 42.45 51.4037 55.7459 51.3907 54.172 54.7083 41.4005 44.0 12.083 
53.7944 48.598 72.3289 30.2655 9.48683 71.0977 43.1045 98.6319 17.0 65.0 4.12311 98.4282 26.9258 54.464 0.0 63.1299 51.8105 16.2788 53.5254 26.4764 23.4094 105.332 20.3961 34.9857 92.8239 82.6725 85.8291 56.0803 83.2024 20.8087 64.8891 31.3209 15.0 67.897 18.4391 40.3259 85.8365 76.3169 58.6003 71.3785 95.8089 75.6014 94.9604 74.2428 85.1815 37.5366 40.5216 53.6977 85.6088 74.2024 86.6468 81.7435 29.0 34.2053 65.2492 25.02 36.0555 17.2047 90.6014 88.4922 42.4969 55.5428 21.095 52.2398 34.0147 37.054 65.7419 87.6084 91.4332 42.598 
52.3259 39.2655 58.0517 92.5396 56.0007 10.7703 30.8869 57.1402 46.4762 83.6635 67.2398 54.0093 65.0308 39.3573 63.1299 0.0 70.3928 61.5224 68.0294 89.4444 66.0303 59.3043 83.4041 88.2043 52.469 68.7677 91.7809 90.2497 55.4617 46.5296 53.1507 67.3009 49.293 24.6982 45.7595 46.5725 48.7647 59.8164 88.1446 41.8808 73.3485 57.8014 57.0701 101.134 94.7012 86.0058 70.6116 9.43398 38.0132 21.0238 71.8401 97.2406 37.2156 67.6018 9.21954 59.0085 70.7107 73.3485 77.8332 59.2368 44.9222 11.7047 77.1038 29.6142 34.6554 33.4215 93.7987 43.0465 71.1969 30.8058 
18.4391 56.6818 31.326 59.6154 57.1594 71.0634 77.3141 68.9895 50.1041 15.0 52.241 72.5618 25.0866 31.3209 51.8105 70.3928 0.0 35.5318 3.16228 59.1354 29.0554 78.9952 56.5155 40.2244 64.3545 35.1056 34.2483 22.2036 47.8785 41.071 31.0646 21.097 56.9407 56.1427 46.2575 31.4064 57.0755 34.9857 18.1108 42.7551 52.2213 36.2448 62.1958 30.8869 33.7343 33.4215 12.6491 65.7469 66.9104 66.2722 39.0799 31.305 46.2828 18.1108 65.521 27.4402 17.72 41.5933 37.4577 51.972 29.7972 72.4999 41.4849 85.8459 69.2198 72.0927 23.4094 65.1021 47.2699 40.977 
39.4026 42.2415 57.9371 33.6006 22.4722 67.4463 49.7695 86.7553 19.6977 48.7647 17.0294 88.2228 10.7703 37.4933 16.2788 61.5224 35.5318 0.0 37.2467 31.1448 7.81025 95.2865 26.2488 27.074 81.0713 68.2806 69.5504 41.2311 69.0467 15.0333 50.4973 15.2315 24.0832 61.5611 17.4642 25.934 73.3062 61.925 43.0465 57.7331 81.4171 61.2096 81.3684 58.8303 68.884 26.5707 24.3516 53.0848 78.5531 68.5969 72.2549 65.521 24.3311 18.0278 61.4003 9.21954 20.1246 12.53 76.2096 74.391 28.1051 57.0789 15.8114 58.8727 40.7185 43.8634 50.2494 78.8924 77.0414 36.2415 
15.8114 49.7998 29.4951 61.7414 58.8744 68.4105 79.4431 67.1585 51.8191 16.2788 53.956 70.7308 26.8015 28.7924 53.5254 68.0294 3.16228 37.2467 0.0 61.0992 30.7703 77.1642 58.3098 42.8019 62.5235 33.2747 34.0278 25.318 46.0476 42.786 27.9366 22.8119 58.6556 53.2353 47.9725 29.0689 55.2445 33.1548 21.0238 39.6281 50.3904 34.4138 60.3649 33.1059 33.5261 36.1248 14.7648 63.4094 63.7887 63.3877 37.249 31.9061 47.9977 19.8257 62.9365 29.1551 19.6977 43.328 41.2036 50.1411 27.4597 70.1624 43.3433 82.956 70.9347 73.8076 25.9615 61.9741 45.439 38.6395 
70.1028 72.2851 88.6373 4.12311 35.0571 96.2549 69.029 117.461 43.0116 68.7314 22.3607 118.929 36.3593 68.1991 26.4764 89.4444 59.1354 31.1448 61.0992 0.0 32.45 125.992 6.08276 23.3452 111.777 94.1206 91.4112 53.0848 99.7469 43.909 81.1975 38.9102 41.3038 91.6047 43.4626 56.6398 104.012 92.6253 58.0086 88.4388 112.117 91.9098 112.073 71.4493 89.8053 30.0666 46.4866 80.0122 109.296 98.6154 98.0949 84.1487 53.2353 41.6293 90.377 39.0512 41.4367 19.2094 94.9193 105.091 58.8109 82.0 17.8885 78.0 60.1332 63.0714 64.0703 109.598 105.207 66.2851 
38.3121 45.4966 56.8466 34.0588 30.2324 71.0219 56.7979 85.6928 26.9258 41.7732 23.3452 87.3212 4.12311 36.8917 23.4094 66.0303 29.0554 7.81025 30.7703 32.45 0.0 94.3663 28.6356 22.3607 80.0365 67.1901 63.0317 33.4215 67.9561 20.6155 49.4068 8.06226 31.8277 62.2631 24.1661 25.2389 72.2532 60.8345 35.3553 56.7274 80.3266 60.119 80.2818 51.1077 62.2896 20.2237 17.2627 58.0775 78.032 70.9838 71.1644 58.4637 29.0689 11.0454 64.9395 7.61577 12.6491 13.4164 75.119 73.8191 27.4591 62.6671 14.8661 65.7951 47.8853 51.0 42.5441 78.2368 75.9508 39.4966 
64.0703 74.7343 47.7598 128.085 102.089 49.0408 88.5268 10.198 89.5879 82.5171 108.92 7.07107 91.1447 57.9828 105.332 59.3043 78.9952 95.2865 77.1642 125.992 94.3663 0.0 121.394 115.011 14.7648 51.4782 74.027 99.368 31.3209 85.1508 51.8845 90.8577 96.8052 39.0 86.9946 69.3542 22.4722 44.643 93.9202 37.6431 38.6394 43.0116 17.2627 99.4636 78.0064 109.104 87.1712 65.5134 21.587 38.3275 51.0882 85.0941 76.3645 89.6975 50.636 87.1149 91.7996 106.85 59.0339 28.2843 67.2086 70.7107 109.124 88.8144 89.7481 89.265 96.0705 17.8885 41.1096 63.2456 
65.5102 66.6888 84.0447 10.0 29.0172 90.3809 63.0079 112.863 37.0 67.1193 16.2788 114.33 32.6956 63.6008 20.3961 83.4041 56.5155 26.2488 58.3098 6.08276 28.6356 121.394 0.0 24.1661 107.179 94.3882 89.56 52.7731 95.1542 38.2753 76.6049 35.7351 35.2278 86.0084 37.5766 52.0416 99.4138 88.0326 57.2189 83.8406 107.525 87.3171 107.476 71.3863 88.2043 30.0832 43.9318 73.9719 103.7 92.9624 98.3625 83.006 47.5079 38.6005 84.5281 34.6699 38.833 15.2315 102.317 100.499 54.2127 75.9276 15.1327 72.0069 54.0833 57.0351 63.6396 105.0 103.149 60.6888 
58.9556 67.8558 74.908 22.0 44.2945 93.3809 75.9605 105.804 46.0977 47.1275 32.2025 107.965 24.3516 58.1808 34.9857 88.2043 40.2244 27.074 42.8019 23.3452 22.3607 115.011 24.1661 0.0 100.68 75.3181 69.9214 30.0167 86.6661 42.0119 67.4681 24.1868 48.4665 84.1546 44.4072 46.6154 92.8967 75.1982 35.3553 77.3796 92.4338 78.1804 99.9874 48.1664 67.9117 7.28011 28.3196 80.0062 99.2824 93.0054 79.2924 61.6604 51.0392 25.807 87.2983 29.8329 24.0832 17.8885 73.9908 91.8804 48.8467 84.1487 13.8924 85.1645 66.7608 69.9214 41.0122 99.0544 87.4824 59.6269 
49.4065 62.2259 33.2415 113.846 89.5853 43.4166 79.404 5.83095 77.0797 68.2495 96.4116 8.24621 76.8133 44.0454 92.8239 52.469 64.3545 81.0713 62.5235 111.777 80.0365 14.7648 107.179 100.68 0.0 38.0 61.6604 84.7585 17.1172 72.6424 37.1214 76.5263 84.2365 29.0689 74.4862 55.1725 7.81025 30.4138 79.404 23.3452 28.6531 28.6356 5.65685 85.5871 65.4905 94.3443 72.4393 57.0088 16.1245 32.0156 38.2099 72.0625 63.8561 75.3662 43.2897 72.8354 77.0398 92.6337 46.2709 15.2971 53.0754 63.0714 94.8064 81.0062 80.2683 79.7851 81.7863 10.2956 29.7321 50.5371 
34.1168 59.5093 10.8167 94.6658 85.0386 64.5368 86.4529 41.3038 74.363 32.5269 84.4714 46.0435 63.967 35.5074 82.6725 68.7677 35.1056 68.2806 33.2747 94.1206 67.1901 51.4782 94.3882 75.3181 38.0 0.0 24.6982 54.925 21.095 67.2394 17.72 55.8765 81.5851 46.2277 71.7696 42.5785 32.3883 9.43398 49.2255 27.8029 19.105 11.6619 34.2345 48.0521 28.1603 68.4793 47.6594 67.9559 48.0833 55.4707 4.0 34.1321 60.9402 52.8903 60.8112 59.9907 52.6841 79.8125 9.43398 23.1948 41.0358 75.1665 76.4022 89.9658 86.8347 87.0823 45.5125 43.9318 14.1421 47.4384 
47.8107 82.17 34.1321 91.2195 91.178 88.2498 111.813 64.1249 84.1227 22.8035 86.2567 69.3542 59.0762 57.4801 85.8291 91.7809 34.2483 69.5504 34.0278 91.4112 63.0317 74.027 89.56 69.9214 61.6604 24.6982 0.0 41.5933 45.3542 75.0896 39.6147 55.0091 90.9593 70.1783 80.2761 61.4391 56.7539 34.0147 35.3412 51.9711 36.3456 36.2491 57.2189 30.6105 4.12311 62.6418 46.0109 90.4561 72.7324 79.7559 23.5372 12.53 83.8002 52.0096 84.1617 61.4587 51.0392 75.1066 15.5242 46.3897 59.83 97.663 74.4312 115.326 109.695 112.476 32.2025 68.4105 33.0151 71.0098 
40.0125 69.407 51.6236 52.0096 63.6003 92.0887 88.2326 89.3197 59.4643 19.8494 55.0091 92.9731 31.1127 52.345 56.0803 90.2497 22.2036 41.2311 25.318 53.0848 33.4215 99.368 52.7731 30.0167 84.7585 54.925 41.5933 0.0 68.1542 51.4004 48.4524 26.9072 65.1153 78.0064 56.0803 43.6807 77.4933 55.0364 6.40312 64.9458 69.9969 56.4624 82.4621 18.6815 39.0 23.0217 20.1246 84.1767 89.1067 88.0511 53.8147 32.0156 57.3759 25.0 86.3982 36.2353 22.0227 40.8534 47.529 72.0139 45.3775 90.4236 38.6005 96.8121 79.8123 82.801 11.0 87.2488 65.441 59.4811 
35.5314 55.3897 16.5529 101.769 82.749 48.8262 77.8692 21.1896 70.2434 51.2096 85.0013 25.318 65.3816 33.8378 83.2024 55.4617 47.8785 69.0467 46.0476 99.7469 67.9561 31.3209 95.1542 86.6661 17.1172 21.095 45.3542 68.1542 0.0 65.8061 21.9317 65.0946 77.4654 30.8869 67.6499 43.4166 11.4018 13.3417 62.6259 15.0333 17.8885 11.7047 14.3178 68.47 49.0306 80.3573 58.3511 57.28 27.7308 38.2884 21.8403 55.2268 57.0198 63.1638 46.5296 60.7568 63.0527 80.5785 29.8329 5.38516 41.5933 64.195 82.726 81.0247 78.7094 78.2262 64.763 23.0868 16.2788 43.4166 
39.1116 28.4165 56.8959 46.9574 20.2237 52.811 36.8917 78.4504 9.48683 54.4878 24.0832 78.2468 21.0238 34.2826 20.8087 46.5296 41.071 15.0333 42.786 43.909 20.6155 85.1508 38.2753 42.0119 72.6424 67.2394 75.0896 51.4004 65.8061 0.0 49.4561 24.6982 17.2627 47.7361 5.38516 25.6431 65.655 60.8838 51.6236 51.197 79.389 59.6992 74.7789 67.2086 74.6138 40.7922 31.8277 38.0526 65.4274 54.7083 71.2137 71.233 9.48683 26.4008 46.8188 15.2643 29.4109 26.9258 75.1683 71.0401 27.8141 42.2605 30.5941 45.6508 28.4253 31.4006 58.6941 67.4269 76.0001 22.4165 
16.3335 41.726 8.06226 83.2196 67.2552 50.6063 69.1412 42.19 56.5797 34.2345 66.6881 45.1885 46.1836 17.9234 64.8891 53.1507 31.0646 50.4973 27.9366 81.1975 49.4068 51.8845 76.6049 67.4681 37.1214 17.72 39.6147 48.4524 21.9317 49.4561 0.0 45.8966 63.8017 33.2415 53.9863 24.7952 29.5466 12.3693 43.4168 17.0 32.0156 12.083 35.805 52.469 42.5351 61.1593 39.1531 51.225 41.1096 43.3244 21.587 44.5982 43.3561 43.9659 46.0435 42.2074 43.8548 62.0292 25.7703 26.9072 23.2524 58.4123 64.1766 72.6541 69.2506 69.4982 47.0 38.833 27.4591 29.8544 
34.8019 46.054 53.3364 39.9625 37.5899 71.1126 61.5873 82.1827 32.5576 33.7343 31.4006 83.8111 4.47214 34.176 31.3209 67.3009 21.097 15.2315 22.8119 38.9102 8.06226 90.8577 35.7351 24.1868 76.5263 55.8765 55.0091 26.9072 65.0946 24.6982 45.8966 0.0 38.4187 60.4401 29.2062 22.8035 68.743 57.3244 28.0179 53.2259 71.945 56.6089 76.7716 43.8292 54.231 19.6469 9.21954 60.0167 75.1532 69.6348 59.8508 50.448 31.6228 3.0 65.0692 9.43398 5.0 20.6155 63.8054 70.3089 25.0 65.2534 21.0238 70.3278 53.0094 56.0357 35.2278 74.9008 66.9627 37.0135 
56.5859 40.0757 71.2415 45.1774 6.7082 58.8222 28.1603 90.0542 8.0 70.3575 19.0263 89.9059 34.0588 45.9418 15.0 49.293 56.9407 24.0832 58.6556 41.3038 31.8277 96.8052 35.2278 48.4665 84.2365 81.5851 90.9593 65.1153 77.4654 17.2627 63.8017 38.4187 0.0 58.997 12.0416 42.1248 77.3142 74.6418 66.4003 62.8562 93.108 73.3723 86.4382 82.201 90.4834 49.7393 46.8722 39.8608 76.8851 65.015 85.5593 87.1026 20.8806 40.8044 54.283 29.6816 43.4166 30.6757 89.514 82.6994 44.2959 41.1096 34.7851 37.3363 19.0263 22.0907 73.6003 79.0569 89.2908 34.0757 
38.0 37.3196 36.0555 94.5616 64.2807 18.3848 50.3587 34.3657 51.788 67.0387 71.5052 32.573 59.808 26.4764 67.897 24.6982 56.1427 61.5611 53.2353 91.6047 62.2631 39.0 86.0084 84.1546 29.0689 46.2277 70.1783 78.0064 30.8869 47.7361 33.2415 60.4401 58.997 0.0 49.4975 37.6431 24.3311 36.8782 74.2428 18.4391 48.7647 34.7131 33.0606 85.2826 73.1048 80.0812 60.5428 28.0179 18.0278 10.198 48.8365 77.8343 38.8973 59.6657 15.6525 54.6777 62.3699 74.0142 55.6058 34.5398 35.4401 34.3657 76.6496 52.0865 51.2562 50.773 78.9177 21.1896 46.8722 26.4008 
46.7704 30.2603 61.4261 46.8188 15.8114 52.8059 32.6497 80.2942 4.12311 59.6744 22.2036 80.0906 25.2389 36.1264 18.4391 45.7595 46.2575 17.4642 47.9725 43.4626 24.1661 86.9946 37.5766 44.4072 74.4862 71.7696 80.2761 56.0803 67.6499 5.38516 53.9863 29.2062 12.0416 49.4975 0.0 30.9096 67.4988 64.8263 56.5862 53.0408 83.2925 63.5569 76.6227 72.2496 79.8003 43.9659 36.7967 36.9737 67.2681 55.8032 75.7439 76.4195 10.6301 31.1448 46.9574 19.8494 34.0588 28.0713 79.6986 72.8839 33.0806 40.0125 32.0156 41.6293 23.8537 26.9258 63.7024 69.2707 79.4754 24.2603 
13.7793 26.0 32.235 58.7321 43.4422 49.0408 55.6433 60.8769 34.867 44.9835 42.1248 62.2896 22.3607 11.6619 40.3259 46.5725 31.4064 25.934 29.0689 56.6398 25.2389 69.3542 52.0416 46.6154 55.1725 42.5785 61.4391 43.6807 43.4166 25.6431 24.7952 22.8035 42.1248 37.6431 30.9096 0.0 47.4236 36.2229 42.0888 31.8277 55.715 35.5074 55.6058 57.2239 60.9633 42.45 24.1868 40.7185 52.8394 46.8722 46.5528 59.722 27.6301 22.2036 43.1045 17.8045 25.0799 37.4974 50.5074 48.7647 2.23607 47.0167 39.8246 59.1562 53.5246 56.306 48.8588 53.0094 51.3392 15.8114 
41.6173 55.2385 26.3059 106.066 82.5979 40.7185 74.027 13.4536 70.0922 61.5224 89.4242 15.6525 69.03 36.4005 85.8365 48.7647 57.0755 73.3062 55.2445 104.012 72.2532 22.4722 99.4138 92.8967 7.81025 32.3883 56.7539 77.4933 11.4018 65.655 29.5466 68.743 77.3142 24.3311 67.4988 47.4236 0.0 24.0 72.2772 15.6205 26.8701 22.0227 9.21954 79.1581 60.4152 86.664 64.7024 52.2398 16.6433 29.5296 33.2415 66.4831 56.8687 67.5829 39.5601 65.0538 69.3595 84.8646 41.2311 12.0416 45.3431 58.6941 87.0231 76.3217 74.8769 74.3937 74.9667 11.7047 26.6271 43.4626 
27.7612 52.566 4.47214 94.6473 78.683 55.2268 78.567 34.4819 67.4198 37.8742 78.1158 38.6394 57.6114 29.0689 76.3169 59.8164 34.9857 61.925 33.1548 92.6253 60.8345 44.643 88.0326 75.1982 30.4138 9.43398 34.0147 55.0364 13.3417 60.8838 12.3693 57.3244 74.6418 36.8782 64.8263 36.2229 24.0 0.0 49.3964 18.4391 19.6469 2.23607 27.5136 55.2512 37.3363 68.3594 47.5395 59.5399 39.0512 46.0435 12.0416 42.7551 54.1962 55.3936 51.6624 53.6351 55.2825 73.4569 18.868 17.0 34.6802 66.7308 75.6044 82.0799 77.2692 78.924 51.4276 35.2278 15.1327 40.6079 
36.4966 67.8749 46.1736 57.2189 65.5134 89.0505 88.1081 83.8153 60.208 13.4536 57.9396 87.6413 32.45 49.2443 58.6003 88.1446 18.1108 43.0465 21.0238 58.0086 35.3553 93.9202 57.2189 35.3553 79.404 49.2255 35.3412 6.40312 62.6259 51.6236 43.4168 28.0179 66.4003 74.2428 56.5862 42.0888 72.2772 49.3964 0.0 60.3284 63.609 50.9215 76.896 15.8114 32.8938 28.1603 19.799 82.6446 84.4983 84.3801 47.4268 26.3059 57.0767 25.6125 83.4326 36.8782 23.0217 44.3847 41.1411 66.3206 43.7857 88.8915 42.5793 96.6398 79.9812 82.8794 7.2111 82.201 59.0531 57.8915 
26.8328 40.7805 17.8885 90.5207 68.1399 36.7967 62.9388 29.0689 55.6342 51.1566 73.9238 30.6105 53.5129 20.8087 71.3785 41.8808 42.7551 57.7331 39.6281 88.4388 56.7274 37.6431 83.8406 77.3796 23.3452 27.8029 51.9711 64.9458 15.0333 51.197 17.0 53.2259 62.8562 18.4391 53.0408 31.8277 15.6205 18.4391 60.3284 0.0 32.28 16.2788 24.1868 69.3542 55.0091 72.665 50.4812 42.72 24.1868 27.7849 30.4138 59.66 42.4106 52.0658 33.4215 49.5177 54.6155 69.2965 37.2022 20.025 29.7321 49.7695 71.5052 66.2193 63.779 63.2958 64.0 22.4722 29.5466 28.8617 
47.2533 71.0322 24.0416 110.734 97.1882 66.5733 95.1575 29.4109 85.886 50.1626 97.6079 35.1141 77.1034 48.0937 95.8089 73.3485 52.2213 81.4171 50.3904 112.117 80.3266 38.6394 107.525 92.4338 28.6531 19.105 36.3456 69.9969 17.8885 79.389 32.0156 71.945 93.108 48.7647 83.2925 55.715 26.8701 19.6469 63.609 32.28 0.0 20.2237 23.2594 64.622 40.4475 85.595 64.7752 74.9466 43.2782 55.8032 16.4012 48.2701 72.6624 68.9587 64.4127 73.1272 69.7998 92.949 22.8473 14.8661 54.1722 81.9329 95.0964 98.4937 95.9977 95.5145 63.1348 37.8021 5.0 59.0339 
27.0457 51.2966 5.0 93.9319 77.4984 53.0754 76.9005 32.8938 66.1503 39.6232 77.4003 36.8782 56.8959 28.0 75.6014 57.8014 36.2448 61.2096 34.4138 91.9098 60.119 43.0116 87.3171 78.1804 28.6356 11.6619 36.2491 56.4624 11.7047 59.6992 12.083 56.6089 73.3723 34.7131 63.5569 35.5074 22.0227 2.23607 50.9215 16.2788 20.2237 0.0 26.0 57.149 39.5601 71.8716 49.8654 57.7062 36.8782 43.8292 14.1421 44.911 52.9267 54.6782 49.5782 52.9197 54.567 72.7415 21.095 15.8114 33.9559 64.8845 74.8889 80.4114 76.342 77.2575 53.1507 33.1361 16.0 39.3192 
48.8365 64.3624 30.8707 114.095 91.7218 48.3839 83.0963 7.07107 79.2162 65.3792 97.5591 12.1655 77.0587 44.9444 94.9604 57.0701 62.1958 81.3684 60.3649 112.073 80.2818 17.2627 107.476 99.9874 5.65685 34.2345 57.2189 82.4621 14.3178 74.7789 35.805 76.7716 86.4382 33.0606 76.6227 55.6058 9.21954 27.5136 76.896 24.1868 23.2594 26.0 0.0 82.201 61.131 93.6785 71.6724 61.0737 21.6333 37.0 34.0 68.0074 65.9926 76.4851 47.8539 73.0824 76.374 92.9042 42.0119 11.0454 53.6004 67.3647 95.0517 85.1469 83.9372 83.454 78.9325 15.8114 24.7386 52.5547 
48.8467 83.01 53.0094 70.1142 81.3019 101.193 103.56 89.2693 75.9276 18.2483 73.4098 93.771 48.2597 61.8466 74.2428 101.134 30.8869 58.8303 33.1059 71.4493 51.1077 99.4636 71.3863 48.1664 85.5871 48.0521 30.6105 18.6815 68.47 67.2086 52.469 43.8292 82.201 85.2826 72.2496 57.2239 79.1581 55.2512 15.8114 69.3542 64.622 57.149 82.201 0.0 26.9072 41.4367 35.4683 96.5104 93.086 95.4397 49.0408 18.3848 72.611 41.4005 95.8593 52.6308 38.833 59.4643 41.7852 71.1969 60.5607 103.263 57.28 112.174 95.462 98.3383 8.60233 90.0056 60.407 71.7405 
47.3349 81.6942 37.1214 89.4427 90.5305 91.1701 111.337 68.0661 83.6469 21.095 85.5862 73.2462 58.4209 60.2558 85.1815 94.7012 33.7343 68.884 33.5261 89.8053 62.2896 78.0064 88.2043 67.9117 65.4905 28.1603 4.12311 39.0 49.0306 74.6138 42.5351 54.231 90.4834 73.1048 79.8003 60.9633 60.4152 37.3363 32.8938 55.0091 40.4475 39.5601 61.131 26.9072 0.0 60.6383 45.0999 95.3019 76.243 82.7647 27.2947 8.60233 83.3243 51.2445 87.082 60.8112 50.04 74.0 19.2354 50.2494 59.3541 102.057 73.1095 114.85 109.219 112.0 29.1548 72.0347 37.054 70.5339 
45.8957 65.0803 64.6997 29.0689 46.4004 90.4489 76.3217 99.7557 46.2385 39.8497 35.3836 102.308 21.0238 53.7587 37.5366 86.0058 33.4215 26.5707 36.1248 30.0666 20.2237 109.104 30.0832 7.28011 94.3443 68.4793 62.6418 23.0217 80.3573 40.7922 61.1593 19.6469 49.7393 80.0812 43.9659 42.45 86.664 68.3594 28.1603 72.665 85.595 71.8716 93.6785 41.4367 60.6383 0.0 22.0227 78.2304 94.5935 89.2693 72.4536 54.4518 49.2544 20.6155 84.3801 27.0 18.3576 20.5183 66.7488 85.5716 44.643 82.8892 17.2047 85.44 67.2309 70.3847 34.0147 94.3398 80.6436 56.3205 
23.8895 49.5216 46.593 47.0106 46.5188 73.171 68.4105 77.7495 40.4599 24.5153 40.6079 80.3018 13.6015 34.1321 40.5216 70.6116 12.6491 24.3516 14.7648 46.4866 17.2627 87.1712 43.9318 28.3196 72.4393 47.6594 46.0109 20.1246 58.3511 31.8277 39.1531 9.21954 46.8722 60.5428 36.7967 24.1868 64.7024 47.5395 19.799 50.4812 64.7752 49.8654 71.6724 35.4683 45.0999 22.0227 0.0 64.2913 74.164 70.2567 51.6337 41.2311 37.3894 6.32456 67.2681 17.2047 5.09902 29.1548 49.226 63.5654 26.0768 70.5383 28.8617 76.9405 60.208 63.1269 26.9072 72.9522 59.8238 39.8121 
48.0104 32.7697 57.1402 83.6114 46.5684 19.2094 23.0868 62.1289 37.044 79.3241 57.8075 59.6825 57.4282 35.4683 53.6977 9.43398 65.7469 53.0848 63.4094 80.0122 58.0775 65.5134 73.9719 80.0062 57.0088 67.9559 90.4561 84.1767 57.28 38.0526 51.225 60.0167 39.8608 28.0179 36.9737 40.7185 52.2398 59.5399 82.6446 42.72 74.9466 57.7062 61.0737 96.5104 95.3019 78.2304 64.2913 0.0 43.9318 27.5136 71.3442 94.0606 29.0172 60.8006 15.2315 51.3517 63.9602 64.6312 76.6117 61.6117 39.3573 7.2111 68.469 24.0832 25.6125 24.6982 89.1528 48.3735 72.2357 25.0599 
50.2892 55.0109 40.3113 111.351 82.1687 28.1603 66.9403 19.6469 69.6761 75.0067 89.1965 16.0 75.1798 41.1825 85.6088 38.0132 66.9104 78.5531 63.7887 109.296 78.032 21.587 103.7 99.2824 16.1245 48.0833 72.7324 89.1067 27.7308 65.4274 41.1096 75.1532 76.8851 18.0278 67.2681 52.8394 16.6433 39.0512 84.4983 24.1868 43.2782 36.8782 21.6333 93.086 76.243 94.5935 74.164 43.9318 0.0 17.0 49.3964 81.7863 56.6392 73.9943 29.1548 70.4911 76.5441 90.1165 57.2451 28.6007 50.6063 49.2544 92.4635 67.3647 68.2035 67.7204 88.0511 5.83095 43.2666 43.8406 
48.0416 44.3553 45.6508 101.597 70.2987 11.4018 50.5964 36.3456 57.806 77.1958 78.0064 33.0 68.6804 36.1248 74.2024 21.0238 66.2722 68.5969 63.3877 98.6154 70.9838 38.3275 92.9624 93.0054 32.0156 55.4707 79.7559 88.0511 38.2884 54.7083 43.3244 69.6348 65.015 10.198 55.8032 46.8722 29.5296 46.0435 84.3801 27.7849 55.8032 43.8292 37.0 95.4397 82.7647 89.2693 70.2567 27.5136 17.0 0.0 57.8014 87.4005 45.4863 69.0507 12.3693 63.3983 71.8471 81.05 64.8999 41.0488 44.7214 32.3883 84.3961 50.4876 52.409 51.8941 89.1067 22.2036 54.5619 34.0147 
38.0911 63.1204 14.3178 98.6401 89.0129 67.2086 90.0416 41.0122 78.3373 33.9804 88.4457 46.0435 67.9413 39.3178 86.6468 71.8401 39.0799 72.2549 37.249 98.0949 71.1644 51.0882 98.3625 79.2924 38.2099 4.0 23.5372 53.8147 21.8403 71.2137 21.587 59.8508 85.5593 48.8365 75.7439 46.5528 33.2415 12.0416 47.4268 30.4138 16.4012 14.1421 34.0 49.0408 27.2947 72.4536 51.6337 71.3442 49.3964 57.8014 0.0 34.0147 64.7506 56.8646 63.7024 63.965 56.6584 83.7868 8.06226 23.0217 45.0101 78.5493 80.3765 93.5545 90.6451 90.3987 46.966 44.9222 11.6619 51.2445 
46.0936 80.4529 41.7857 83.4865 87.3155 94.9747 109.408 75.0267 80.2661 16.7631 81.7863 80.0062 54.8179 59.0145 81.7435 97.2406 31.305 65.521 31.9061 84.1487 58.4637 85.0941 83.006 61.6604 72.0625 34.1321 12.53 32.0156 55.2268 71.233 44.5982 50.448 87.1026 77.8343 76.4195 59.722 66.4831 42.7551 26.3059 59.66 48.2701 44.911 68.0074 18.3848 8.60233 54.4518 41.2311 94.0606 81.7863 87.4005 34.0147 0.0 81.3951 47.5395 90.2817 57.5847 45.8912 69.3542 26.0768 57.0 58.1128 100.815 68.0661 113.609 107.29 110.071 21.5407 77.9295 44.5533 69.2926 
36.1403 19.6301 50.7959 56.3649 25.9422 43.3244 34.3052 69.664 13.4164 59.6996 32.6497 69.4604 28.6356 25.4962 29.0 37.2156 46.2828 24.3311 47.9977 53.2353 29.0689 76.3645 47.5079 51.0392 63.8561 60.9402 83.8002 57.3759 57.0198 9.48683 43.3561 31.6228 20.8806 38.8973 10.6301 27.6301 56.8687 54.1962 57.0767 42.4106 72.6624 52.9267 65.9926 72.611 83.3243 49.2544 37.3894 29.0172 56.6392 45.4863 64.7506 81.3951 0.0 32.6956 37.3363 22.561 35.8469 36.4005 69.0684 62.2538 26.4415 33.7343 40.025 42.8349 26.3593 29.1407 64.0652 58.6406 68.8453 13.6301 
33.6417 46.3363 51.4057 42.5441 40.2492 71.007 63.2456 82.3015 34.6554 30.8058 34.3657 82.651 7.28011 33.2415 34.2053 67.6018 18.1108 18.0278 19.8257 41.6293 11.0454 89.6975 38.6005 25.807 75.3662 52.8903 52.0096 25.0 63.1638 26.4008 43.9659 3.0 40.8044 59.6657 31.1448 22.2036 67.5829 55.3936 25.6125 52.0658 68.9587 54.6782 76.4851 41.4005 51.2445 20.6155 6.32456 60.8006 73.9943 69.0507 56.8646 47.5395 32.6956 0.0 65.0 11.3137 3.16228 23.5372 60.8192 68.3782 24.3311 66.1299 23.7697 71.8679 54.8179 57.8014 32.8024 73.7406 65.0546 37.054 
47.1275 37.4429 50.2494 93.6216 60.9906 6.08276 38.2753 48.0416 48.8515 78.1497 69.0936 45.0999 63.4202 34.2053 65.2492 9.21954 65.521 61.4003 62.9365 90.377 64.9395 50.636 84.5281 87.2983 43.2897 60.8112 84.1617 86.3982 46.5296 46.8188 46.0435 65.0692 54.283 15.6525 46.9574 43.1045 39.5601 51.6624 83.4326 33.4215 64.4127 49.5782 47.8539 95.8593 87.082 84.3801 67.2681 15.2315 29.1548 12.3693 63.7024 90.2817 37.3363 65.0 0.0 57.5977 68.0074 73.6817 70.0357 50.1597 41.1947 20.0998 77.201 38.2099 40.4969 39.8246 88.8876 34.0 62.434 28.0713 
31.1127 38.1548 49.6472 41.0122 29.7321 63.6801 52.1536 78.492 23.3452 40.8534 26.1725 80.0562 6.08276 29.4109 25.02 59.0085 27.4402 9.21954 29.1551 39.0512 7.61577 87.1149 34.6699 29.8329 72.8354 59.9907 61.4587 36.2353 60.7568 15.2643 42.2074 9.43398 29.6816 54.6777 19.8494 17.8045 65.0538 53.6351 36.8782 49.5177 73.1272 52.9197 73.0824 52.6308 60.8112 27.0 17.2047 51.3517 70.4911 63.3983 63.965 57.5847 22.561 11.3137 57.5977 0.0 14.2127 19.8494 67.9197 66.1011 20.0 56.2939 22.0227 60.9016 43.6005 46.6154 44.0454 70.8025 68.7515 30.0177 
28.5912 49.4475 51.2946 42.0476 42.5441 74.0 66.2873 82.4511 37.4833 29.2746 35.9026 85.0035 9.43398 35.9026 36.0555 70.7107 17.72 20.1246 19.6977 41.4367 12.6491 91.7996 38.833 24.0832 77.0398 52.6841 51.0392 22.0227 63.0527 29.4109 43.8548 5.0 43.4166 62.3699 34.0588 25.0799 69.3595 55.2825 23.0217 54.6155 69.7998 54.567 76.374 38.833 50.04 18.3576 5.09902 63.9602 76.5441 71.8471 56.6584 45.8912 35.8469 3.16228 68.0074 14.2127 0.0 24.0832 54.2665 68.2671 27.1662 69.2895 23.7697 74.9466 57.8014 60.803 30.2324 76.2903 64.8484 40.1123 
50.9345 54.6946 69.469 21.2603 26.4197 79.6994 58.4637 98.3107 29.0689 53.0377 14.8661 99.7862 17.4642 49.0567 17.2047 73.3485 41.5933 12.53 43.328 19.2094 13.4164 106.85 15.2315 17.8885 92.6337 79.8125 75.1066 40.8534 80.5785 26.9258 62.0292 20.6155 30.6757 74.0142 28.0713 37.4974 84.8646 73.4569 44.3847 69.2965 92.949 72.7415 92.9042 59.4643 74.0 20.5183 29.1548 64.6312 90.1165 81.05 83.7868 69.3542 36.4005 23.5372 73.6817 19.8494 24.0832 0.0 87.7415 85.9229 39.6685 68.0661 4.12311 67.6831 49.2443 52.3927 51.2445 90.4558 88.5733 48.6946 
42.0457 67.4383 19.799 94.8995 92.9675 73.8783 94.8535 49.0 82.292 27.6947 92.4003 54.0833 71.8959 43.6356 90.6014 77.8332 37.4577 76.2096 41.2036 94.9193 75.119 59.0339 102.317 73.9908 46.2709 9.43398 15.5242 47.529 29.8329 75.1683 25.7703 63.8054 89.514 55.6058 79.6986 50.5074 41.2311 18.868 41.1411 37.2022 22.8473 21.095 42.0119 41.7852 19.2354 66.7488 49.226 76.6117 57.2451 64.8999 8.06226 26.0768 69.0684 60.8192 70.0357 67.9197 54.2665 87.7415 0.0 31.0644 48.9647 83.8186 84.3311 98.3144 94.9629 95.2105 40.4969 52.8867 18.6815 55.5666 
40.7458 60.6236 20.8087 107.632 87.983 51.9711 82.5258 18.1108 75.4774 54.7602 90.2912 23.0217 70.5959 39.2173 88.4922 59.2368 51.972 74.391 50.1411 105.091 73.8191 28.2843 100.499 91.8804 15.2971 23.1948 46.3897 72.0139 5.38516 71.0401 26.9072 70.3089 82.6994 34.5398 72.8839 48.7647 12.0416 17.0 66.3206 20.025 14.8661 15.8114 11.0454 71.1969 50.2494 85.5716 63.5654 61.6117 28.6007 41.0488 23.0217 57.0 62.2538 68.3782 50.1597 66.1011 68.2671 85.9229 31.0644 0.0 46.9574 68.4105 88.5889 85.5102 83.366 82.8828 68.3136 23.3238 14.7648 48.6621 
12.1701 24.8114 30.6922 60.9031 45.6133 47.0956 54.4547 58.7963 37.0381 43.3743 44.2959 60.1415 24.5967 9.43398 42.4969 44.9222 29.7972 28.1051 27.4597 58.8109 27.4591 67.2086 54.2127 48.8467 53.0754 41.0358 59.83 45.3775 41.5933 27.8141 23.2524 25.0 44.2959 35.4401 33.0806 2.23607 45.3431 34.6802 43.7857 29.7321 54.1722 33.9559 53.6004 60.5607 59.3541 44.643 26.0768 39.3573 50.6063 44.7214 45.0101 58.1128 26.4415 24.3311 41.1947 20.0 27.1662 39.6685 48.9647 46.9574 0.0 45.793 42.0119 57.9676 52.336 55.1174 53.2031 50.8035 49.7965 14.3178 
54.8179 39.0167 64.3506 85.703 47.7598 22.4722 19.4165 68.0 39.3192 86.077 59.6657 65.192 62.3699 42.45 55.5428 11.7047 72.4999 57.0789 70.1624 82.0 62.6671 70.7107 75.9276 84.1487 63.0714 75.1665 97.663 90.4236 64.195 42.2605 58.4123 65.2534 41.1096 34.3657 40.0125 47.0167 58.6941 66.7308 88.8915 49.7695 81.9329 64.8845 67.3647 103.263 102.057 82.8892 70.5383 7.2111 49.2544 32.3883 78.5493 100.815 33.7343 66.1299 20.0998 56.2939 69.2895 68.0661 83.8186 68.4105 45.793 0.0 72.0278 18.1108 24.4131 22.6716 95.6616 54.037 79.3095 31.6228 
53.0819 58.0408 71.6164 19.2094 30.4138 83.2406 62.5859 100.463 33.1361 52.0384 18.4391 102.069 18.6011 51.4037 21.095 77.1038 41.4849 15.8114 43.3433 17.8885 14.8661 109.124 15.1327 13.8924 94.8064 76.4022 74.4312 38.6005 82.726 30.5941 64.1766 21.0238 34.7851 76.6496 32.0156 39.8246 87.0231 75.6044 42.5793 71.5052 95.0964 74.8889 95.0517 57.28 73.1095 17.2047 28.8617 68.469 92.4635 84.3961 80.3765 68.0661 40.025 23.7697 77.201 22.0227 23.7697 4.12311 84.3311 88.5889 42.0119 72.0278 0.0 71.8053 53.3667 56.5155 49.2443 92.8029 87.4884 52.0408 
67.6663 51.1562 79.2381 82.0061 43.0465 40.2616 9.21954 86.0233 39.2173 98.8706 56.1427 83.2947 66.6483 55.7459 52.2398 29.6142 85.8459 58.8727 82.956 78.0 65.7951 88.8144 72.0069 85.1645 81.0062 89.9658 115.326 96.8121 81.0247 45.6508 72.6541 70.3278 37.3363 52.0865 41.6293 59.1562 76.3217 82.0799 96.6398 66.2193 98.4937 80.4114 85.1469 112.174 114.85 85.44 76.9405 24.0832 67.3647 50.4876 93.5545 113.609 42.8349 71.8679 38.2099 60.9016 74.9466 67.6831 98.3144 85.5102 57.9676 18.1108 71.8053 0.0 18.4391 15.2971 103.628 72.111 95.5092 44.1681 
62.0348 45.5246 76.5496 64.0703 25.0799 44.8219 9.21954 85.6212 21.0238 82.6366 38.0 83.6291 49.0918 51.3907 34.0147 34.6554 69.2198 40.7185 70.9347 60.1332 47.8853 89.7481 54.0833 66.7608 80.2683 86.8347 109.695 79.8123 78.7094 28.4253 69.2506 53.0094 19.0263 51.2562 23.8537 53.5246 74.8769 77.2692 79.9812 63.779 95.9977 76.342 83.9372 95.462 109.219 67.2309 60.208 25.6125 68.2035 52.409 90.6451 107.29 26.3593 54.8179 40.4969 43.6005 57.8014 49.2443 94.9629 83.366 52.336 24.4131 53.3667 18.4391 0.0 3.16228 87.0 72.2346 92.3236 39.1488 
64.8161 48.306 76.0823 67.0298 28.0179 43.8292 6.08276 85.1381 24.1661 85.5095 41.0122 83.1459 52.1536 54.172 37.054 33.4215 72.0927 43.8634 73.8076 63.0714 51.0 89.265 57.0351 69.9214 79.7851 87.0823 112.476 82.801 78.2262 31.4006 69.4982 56.0357 22.0907 50.773 26.9258 56.306 74.3937 78.924 82.8794 63.2958 95.5145 77.2575 83.454 98.3383 112.0 70.3847 63.1269 24.6982 67.7204 51.8941 90.3987 110.071 29.1407 57.8014 39.8246 46.6154 60.803 52.3927 95.2105 82.8828 55.1174 22.6716 56.5155 15.2971 3.16228 0.0 89.8721 71.7514 92.4253 41.0122 
41.7612 74.6449 48.6621 63.0079 72.7186 94.3716 95.0966 85.9087 67.3573 13.6015 65.0 90.0278 39.6611 54.7083 65.7419 93.7987 23.4094 50.2494 25.9615 64.0703 42.5441 96.0705 63.6396 41.0122 81.7863 45.5125 32.2025 11.0 64.763 58.6941 47.0 35.2278 73.6003 78.9177 63.7024 48.8588 74.9667 51.4276 7.2111 64.0 63.1348 53.1507 78.9325 8.60233 29.1548 34.0147 26.9072 89.1528 88.0511 89.1067 46.966 21.5407 64.0652 32.8024 88.8876 44.0454 30.2324 51.2445 40.4969 68.3136 53.2031 95.6616 49.2443 103.628 87.0 89.8721 0.0 85.3756 58.5923 64.3829 
49.2443 57.0104 37.0 111.69 84.3406 33.541 71.1969 14.1421 71.8471 72.111 91.1961 11.4018 75.1665 41.4005 87.6084 43.0465 65.1021 78.8924 61.9741 109.598 78.2368 17.8885 105.0 99.0544 10.2956 43.9318 68.4105 87.2488 23.0868 67.4269 38.833 74.9008 79.0569 21.1896 69.2707 53.0094 11.7047 35.2278 82.201 22.4722 37.8021 33.1361 15.8114 90.0056 72.0347 94.3398 72.9522 48.3735 5.83095 22.2036 44.9222 77.9295 58.6406 73.7406 34.0 70.8025 76.2903 90.4558 52.8867 23.3238 50.8035 54.037 92.8029 72.111 72.2346 71.7514 85.3756 0.0 38.0789 45.607 
42.8775 67.2151 19.4165 106.83 93.7993 65.0 92.0683 31.4006 82.0688 45.6067 93.2322 36.8782 72.7277 44.0 91.4332 71.1969 47.2699 77.0414 45.439 105.207 75.9508 41.1096 103.149 87.4824 29.7321 14.1421 33.0151 65.441 16.2788 76.0001 27.4591 66.9627 89.2908 46.8722 79.4754 51.3392 26.6271 15.1327 59.0531 29.5466 5.0 16.0 24.7386 60.407 37.054 80.6436 59.8238 72.2357 43.2666 54.5619 11.6619 44.5533 68.8453 65.0546 62.434 68.7515 64.8484 88.5733 18.6815 14.7648 49.7965 79.3095 87.4884 95.5092 92.3236 92.4253 58.5923 38.0789 0.0 55.2268 
