NAME  : Jabali_70_3_0.90_1_6
TYPE : SVRP
MODEL : FINITE_SUPPORT
NUMBER_OF_SCENARIOS : 200
DIMENSION : 70
EDGE_WEIGHT_TYPE : MATRIX
CAPACITY : 130
N_VEHICLES : 3
NODE_COORD_SECTION
1 3608 4860
2 3573 3381
3 353 5791
4 4656 7825
5 3146 895
6 3229 5829
7 560 6447
8 3873 4168
9 3744 2448
10 2089 2933
11 3218 5423
12 1810 4706
13 5851 3540
14 3854 1591
15 937 6415
16 2618 4829
17 2159 18
18 8599 2437
19 4077 2691
20 7788 2582
21 1038 2356
22 5202 8128
23 1969 7475
24 5466 5068
25 1622 4359
26 27 5100
27 2937 7014
28 6536 4232
29 3217 4925
30 3944 7435
31 3462 7429
32 3865 4413
33 4299 3702
34 5207 7547
35 1425 3874
36 4258 6169
37 1308 1951
38 5131 3333
39 4353 1693
40 2062 3718
41 1883 1664
42 2369 5285
43 2217 1647
44 544 4934
45 3660 5926
46 2905 2305
47 335 5081
48 7906 2386
49 6463 6033
50 7658 4810
51 1702 1570
52 3264 2226
53 6632 5509
54 3826 3481
55 4489 582
56 5413 5787
57 4826 4090
58 1036 5949
59 7647 3778
60 5982 5553
61 3376 6772
62 5874 6322
63 6136 8070
64 1038 3750
65 2356 696
66 1887 2883
67 6530 7257
68 1056 7156
69 7105 2570
70 5670 1808
DEMAND_SECTION
1 0.0
2 6.0
3 4.0
4 7.0
5 1.0
6 9.0
7 2.0
8 1.0
9 9.0
10 2.0
11 6.0
12 1.0
13 3.0
14 9.0
15 8.0
16 8.0
17 2.0
18 5.0
19 4.0
20 3.0
21 4.0
22 3.0
23 9.0
24 8.0
25 10.0
26 4.0
27 6.0
28 2.0
29 1.0
30 5.0
31 6.0
32 8.0
33 8.0
34 6.0
35 3.0
36 5.0
37 5.0
38 7.0
39 5.0
40 5.0
41 3.0
42 7.0
43 3.0
44 8.0
45 6.0
46 6.0
47 3.0
48 8.0
49 2.0
50 7.0
51 2.0
52 1.0
53 7.0
54 9.0
55 2.0
56 6.0
57 9.0
58 3.0
59 7.0
60 1.0
61 1.0
62 6.0
63 2.0
64 1.0
65 4.0
66 10.0
67 7.0
68 9.0
69 3.0
70 10.0
DEVIATION_SECTION
1 0.0
2 2.0
3 1.33333
4 2.33333
5 0.333333
6 3.0
7 0.666667
8 0.333333
9 3.0
10 0.666667
11 2.0
12 0.333333
13 1.0
14 3.0
15 2.66667
16 2.66667
17 0.666667
18 1.66667
19 1.33333
20 1.0
21 1.33333
22 1.0
23 3.0
24 2.66667
25 3.33333
26 1.33333
27 2.0
28 0.666667
29 0.333333
30 1.66667
31 2.0
32 2.66667
33 2.66667
34 2.0
35 1.0
36 1.66667
37 1.66667
38 2.33333
39 1.66667
40 1.66667
41 1.0
42 2.33333
43 1.0
44 2.66667
45 2.0
46 2.0
47 1.0
48 2.66667
49 0.666667
50 2.33333
51 0.666667
52 0.333333
53 2.33333
54 3.0
55 0.666667
56 2.0
57 3.0
58 1.0
59 2.33333
60 0.333333
61 0.333333
62 2.0
63 0.666667
64 0.333333
65 1.33333
66 3.33333
67 2.33333
68 3.0
69 1.0
70 3.33333
DISTANCE_MATRIX
0.0 19.8773 45.2217 46.2624 54.0817 13.6142 45.2769 9.07107 32.1509 36.5716 8.62532 24.5153 44.5995 43.3645 41.1096 13.1529 69.6969 77.8894 29.6321 67.1083 49.8486 53.8266 45.7571 25.9615 28.0713 47.927 30.3379 41.3401 5.09902 36.28 33.6308 8.07107 17.2627 48.3936 33.1361 28.1607 54.925 27.9517 44.3023 27.2039 52.875 16.6433 50.3492 41.7852 16.4306 37.4849 44.3847 69.1507 42.0119 55.7136 54.5052 36.482 42.4264 18.2514 58.6475 28.0713 20.8087 37.5366 57.4564 34.1321 27.2389 36.6742 55.5937 38.1182 60.3346 37.6431 50.9638 45.9069 58.4173 48.0124 
19.8773 0.0 54.7149 61.1782 34.4384 33.1378 59.6601 11.3137 13.1529 22.0227 28.1489 30.9096 29.6205 24.3411 57.0779 32.3216 49.8197 69.3397 12.3693 58.5235 37.3363 65.8821 64.6719 33.5261 29.1636 52.2895 49.8614 42.4105 22.8062 55.8035 53.1543 13.8062 10.0 58.7921 29.5296 42.7484 36.6879 20.4127 25.2788 21.0238 33.6155 34.738 30.8058 46.0709 35.9542 17.6918 48.868 60.4649 52.2015 59.0762 35.3553 16.6433 50.2195 3.0 39.6241 39.8246 19.0 51.2562 56.3205 43.3244 46.7624 49.2443 70.1783 34.0147 40.4599 24.0208 64.6607 64.8924 49.6488 38.5663 
45.2217 54.7149 0.0 63.1981 75.505 39.9249 9.21954 52.3289 62.7727 44.7214 38.9487 24.6982 79.2471 72.6154 11.1803 33.9411 82.0061 121.266 64.9158 110.485 48.5077 71.3442 30.6757 70.3681 25.632 9.89949 38.2099 86.5332 40.6079 52.0384 46.0977 51.3289 60.527 69.0 29.2746 53.1413 54.231 71.3284 73.9158 35.7351 60.0083 28.6007 61.2046 11.1803 45.6946 57.5674 9.84886 112.527 82.8613 100.329 60.0083 60.7454 85.4669 57.3178 87.6641 69.3512 65.195 9.05539 102.672 77.0503 45.2897 75.4321 83.0542 29.0172 74.108 44.4072 85.4751 20.6155 101.794 89.9757 
46.2624 61.1782 63.1981 0.0 94.1204 32.8024 57.0351 49.9174 71.9376 74.6029 37.6431 56.356 59.7006 82.9758 53.0 48.6004 113.317 89.56 68.1481 81.5843 87.8009 8.24621 34.3657 38.0132 61.2944 71.0211 26.5707 53.7587 44.1503 11.4018 17.1172 49.7316 54.3106 7.81025 68.0955 26.4197 90.3926 61.8525 83.9136 65.0 92.0396 45.6508 91.4839 66.9624 31.1448 83.3934 68.4471 83.7437 34.0 57.2451 92.9599 77.3336 40.3113 58.9515 99.2003 29.0689 50.0615 54.3323 67.3573 34.9285 24.3607 26.0 20.0998 72.4707 106.243 75.6744 26.0768 47.676 76.4199 82.2112 
54.0817 34.4384 75.505 94.1204 0.0 67.3421 81.4985 45.2769 22.2036 30.8058 62.3532 53.0377 51.8062 14.7648 79.1581 54.4658 17.8885 73.3348 26.4205 64.0078 34.0588 98.8243 87.4829 62.8466 50.3587 70.5195 84.0658 62.7065 57.0106 90.0079 87.3587 48.0106 39.8249 91.7343 46.3249 75.6906 28.2843 45.1516 28.2094 40.1995 19.799 59.3698 16.4012 65.2534 70.1586 19.105 67.72 65.0692 81.5022 79.1202 21.2603 18.0278 78.0546 35.8469 17.8885 70.8717 46.5331 73.2462 70.6116 72.5816 80.9668 80.1858 102.756 47.7598 11.0 31.3209 95.7981 87.0557 56.0803 34.1321 
13.6142 33.1378 39.9249 32.8024 67.3421 0.0 38.2831 22.3315 45.4114 41.7361 5.0 24.7386 57.749 56.625 34.0449 15.8114 80.6694 90.0217 42.8925 80.4876 55.0 40.4969 32.1802 38.1836 29.4109 44.7214 16.7609 54.4135 11.5021 22.6716 20.2059 21.3315 30.5296 35.3412 35.8469 13.3417 57.5258 41.331 57.5627 32.2025 59.1728 14.1421 58.8357 39.2046 5.83095 50.7453 41.4367 82.53 43.1741 68.1445 60.0931 49.7424 45.6755 31.5119 71.9079 29.5598 34.421 31.305 70.6059 37.2588 13.6619 36.2215 49.3964 40.4969 73.595 42.8076 48.3735 38.8395 71.7965 61.5659 
45.2769 59.6601 9.21954 57.0351 81.4985 38.2831 0.0 53.225 67.718 51.0392 38.2099 28.8617 89.3524 77.5617 4.47214 35.8469 89.2749 121.646 69.861 110.865 56.5155 65.0 23.1948 69.9906 31.1448 19.105 33.8378 86.2205 41.2311 46.2709 40.1995 52.225 61.423 63.3877 36.0555 51.3073 61.9839 71.7085 78.861 41.3038 67.1863 29.4109 68.0074 19.6977 44.1115 62.9682 18.868 112.908 80.0798 99.9515 67.3647 65.7922 83.6051 62.4053 92.6574 67.4895 65.9469 8.544 102.413 75.1885 40.8973 72.0032 77.1038 36.6742 81.0247 51.0 80.604 11.6619 102.174 92.4594 
9.07107 11.3137 52.3289 49.9174 45.2769 22.3315 53.225 0.0 23.2594 31.3209 17.3426 29.7308 28.3619 34.463 49.2017 18.6433 61.0737 69.0918 20.6155 58.3107 46.8402 54.6212 54.4744 24.0832 32.3645 53.9711 39.0552 36.4013 12.0 44.9973 42.3481 3.0 8.24621 47.5312 34.8535 31.4875 47.0106 19.1541 35.4008 27.0185 44.6542 23.9317 42.0119 47.6508 25.1479 29.0 50.3735 60.3531 42.2019 52.1728 46.3249 27.8029 41.1096 9.43398 49.746 29.1548 13.6015 45.1856 52.4171 33.541 35.9561 38.4838 58.9205 39.6074 51.7397 33.2415 53.7122 54.0861 49.6197 39.4602 
32.1509 13.1529 62.7727 71.9376 22.2036 45.4114 67.718 23.2594 0.0 23.3238 40.4225 38.9674 31.7805 11.2245 65.1358 40.3794 38.9487 68.0082 5.09902 57.5682 35.9026 76.6415 73.3965 41.0488 37.2156 60.2163 62.135 44.7214 35.0799 68.0771 65.428 26.0799 17.6918 69.5515 36.1248 53.5078 33.0606 23.7697 12.1623 27.8029 27.2947 45.2834 23.5372 54.0833 48.2278 11.0454 56.8595 59.1355 59.7051 61.8142 29.2746 7.07107 56.6542 13.9284 26.5075 48.9183 24.736 59.3141 56.0803 50.7844 59.036 58.258 80.6598 39.6232 30.0 25.0599 73.8783 72.9693 48.7693 28.2222 
36.5716 22.0227 44.7214 74.6029 30.8058 41.7361 51.0392 31.3209 23.3238 0.0 36.9431 23.5372 51.2445 30.4795 49.0408 25.9836 39.0512 88.5877 27.313 77.7902 15.5242 82.1671 58.5494 55.109 20.025 39.9249 57.9403 64.1249 32.2277 64.1923 61.3853 32.9531 32.0156 76.7342 15.5242 62.2549 16.4012 42.107 33.2074 10.4403 17.4642 30.8875 17.2627 34.4819 44.7712 14.2127 37.0 79.6733 73.4983 81.0247 18.3576 18.3848 72.0069 25.02 44.4185 60.407 41.0122 43.0116 77.4661 64.7611 54.8413 69.6492 89.6879 17.4929 30.2655 2.0 84.7262 57.5587 68.865 49.2674 
8.62532 28.1489 38.9487 37.6431 62.3532 5.0 38.2099 17.3426 40.4225 36.9431 0.0 21.095 52.7601 51.636 33.9719 11.1803 75.6805 85.0327 37.9036 75.4987 50.2201 45.2217 38.546 33.1947 25.4951 42.72 21.7423 49.4246 6.51323 27.6586 25.1873 16.3426 25.5406 39.8246 31.6228 16.0312 52.7327 36.3421 52.5738 27.4591 54.4026 11.1803 53.8468 36.8782 8.06226 45.7564 39.2938 77.5411 47.6852 63.1556 55.3228 44.7535 48.9537 26.5229 66.919 33.6632 29.4321 30.8058 65.617 40.4655 18.6433 39.0 53.7122 36.4005 68.6061 38.0146 51.9711 38.7666 66.8076 56.577 
24.5153 30.9096 24.6982 56.356 53.0377 24.7386 28.8617 29.7308 38.9674 23.5372 21.095 0.0 57.9381 48.8111 26.1725 11.4018 62.5859 98.668 41.1105 87.8869 33.6006 64.405 35.1158 50.448 5.0 24.4131 39.099 64.8845 19.4165 45.4018 42.544 28.7308 37.9289 59.808 12.0416 37.1214 37.5899 48.7303 50.1105 13.1529 40.8044 10.7703 40.7922 18.0278 29.1548 34.2345 20.8087 89.9293 66.1211 80.0062 41.4367 37.0416 66.9104 33.5125 63.9068 52.0865 42.5969 20.3961 80.9123 58.5491 36.0 60.0375 74.0 16.1245 53.7587 24.0416 72.9932 34.1321 80.5471 66.1704 
44.5995 29.6205 79.2471 59.7006 51.8062 57.749 89.3524 28.3619 31.7805 51.2445 52.7601 57.9381 0.0 37.1578 85.0293 46.8505 69.6657 43.1856 26.6833 32.8024 66.0076 61.6947 77.4373 22.4724 60.5717 82.1784 62.0181 13.0384 39.9854 58.9618 61.8959 31.2072 20.5215 54.5875 58.8296 43.6809 64.195 9.21954 42.5261 50.4548 59.0339 51.5067 55.3173 75.8581 60.5654 42.4264 78.5808 35.0 32.7308 30.1496 61.0 38.833 26.9831 26.7191 43.2782 30.6347 22.987 72.6792 26.9258 26.0083 58.9191 36.2026 60.0901 63.4487 60.9852 53.2353 49.6901 89.9191 25.0599 24.1661 
43.3645 24.3411 72.6154 82.9758 14.7648 56.625 77.5617 34.463 11.2245 30.4795 51.636 48.8111 37.1578 0.0 74.9795 50.2232 32.6497 61.6117 15.2734 51.6236 39.8246 87.6797 83.2402 51.6995 47.0106 69.4622 73.3486 48.0581 46.2934 79.2907 76.6415 37.2934 28.6778 80.4846 44.9444 64.546 35.4683 34.0045 17.0623 37.1214 27.8927 55.1271 23.7697 63.5295 59.4414 16.2788 66.242 52.9528 70.3551 64.5136 29.8329 12.2066 63.4062 25.1503 15.2971 59.7905 35.386 69.1578 56.5685 61.4345 70.2496 69.0387 91.9312 47.8017 25.0 31.8277 84.651 82.813 43.1856 21.3776 
41.1096 57.0779 11.1803 53.0 79.1581 34.0449 4.47214 49.2017 65.1358 49.0408 33.9719 26.1725 85.0293 74.9795 0.0 32.2025 87.6926 117.302 67.2788 106.973 55.6597 61.0328 19.6469 65.7524 29.0172 20.8087 29.4109 81.9823 37.2022 42.107 36.0555 48.2017 57.3997 59.2115 34.5254 47.0691 60.8769 67.8164 76.2788 39.0128 65.6201 25.5539 66.1891 20.0 39.8733 60.407 19.799 109.015 75.6644 95.7133 65.9242 63.2099 79.3669 58.382 90.0752 63.2513 61.8466 6.08276 98.1747 70.9503 36.4819 67.5878 73.0274 35.7351 79.2275 49.163 76.2955 10.0 98.282 88.4361 
13.1529 32.3216 33.9411 48.6004 54.4658 15.8114 35.8469 18.6433 40.3794 25.9836 11.1803 11.4018 46.8505 50.2232 32.2025 0.0 64.6981 87.5805 42.5225 76.7994 39.2046 56.3028 37.6746 39.0512 15.0 35.3553 31.9691 53.6656 8.06226 38.2099 35.4141 17.6433 26.8414 51.0 20.6155 26.9661 41.7732 37.6428 53.8745 16.4012 43.4203 7.07107 42.8645 29.0689 19.0684 35.6572 31.7648 78.8418 55.0091 68.6222 44.3405 38.4536 55.5788 27.8237 65.3188 41.0 31.5094 27.4591 69.7021 47.2652 28.8701 49.2544 64.8845 25.4951 55.6555 27.0551 62.9996 37.855 68.1084 57.8777 
69.6969 49.8197 82.0061 113.317 17.8885 80.6694 89.2749 61.0737 38.9487 39.0512 75.6805 62.5859 69.6657 32.6497 87.6926 64.6981 0.0 89.0056 43.4464 80.3057 34.5254 115.314 97.5828 79.8726 58.8558 75.2396 97.393 80.566 72.6259 103.335 100.838 63.6259 56.5862 108.224 53.2353 92.1801 28.2843 62.1776 45.2353 49.4773 22.0907 69.6021 21.8403 71.007 83.4858 32.45 73.0616 81.1542 98.5282 96.933 22.0 33.3017 95.9141 51.7397 32.0 87.8635 63.5591 81.6149 88.0568 89.6075 94.294 97.1854 119.503 53.0 9.43398 38.6394 112.805 96.5091 72.8354 51.1957 
77.8894 69.3397 121.266 89.56 73.3348 90.0217 121.646 69.0918 68.0082 88.5877 85.0327 98.668 43.1856 61.6117 117.302 87.5805 89.0056 0.0 61.4856 10.8167 100.568 89.627 109.462 54.5894 98.4999 121.626 94.0424 36.6742 80.7153 90.471 93.9149 71.9372 61.2209 83.1986 98.7927 75.7053 96.8401 50.9902 73.846 90.2109 89.4986 92.2366 85.3756 115.407 92.8381 75.6108 118.204 8.94427 56.7186 35.0143 91.444 71.1688 49.8197 66.8506 57.0088 61.4654 63.717 113.409 22.3607 54.7083 90.9434 63.7887 84.1487 103.08 84.2912 90.6529 72.0625 122.192 19.7231 40.2616 
29.6321 12.3693 64.9158 68.1481 26.4205 42.8925 69.861 20.6155 5.09902 27.313 37.9036 41.1105 26.6833 15.2734 67.2788 42.5225 43.4464 61.4856 0.0 50.6881 40.6079 72.852 75.5396 36.4754 39.3645 62.482 59.6162 39.6232 32.561 65.5583 62.9091 23.561 13.8924 65.762 38.9487 49.7183 38.0132 18.7883 16.2111 30.4138 32.3883 44.4927 28.6356 56.2718 45.709 16.0 59.0689 52.5712 55.131 56.7186 34.3657 12.1655 52.08 12.0 30.5563 44.5533 20.1618 61.4572 51.1566 46.2103 56.5172 53.8145 76.5768 42.8019 34.6699 29.1548 69.4268 75.7601 41.7629 32.271 
67.1083 58.5235 110.485 81.5843 64.0078 80.4876 110.865 58.3107 57.5682 77.7902 75.4987 87.8869 32.8024 51.6236 106.973 76.7994 80.3057 10.8167 50.6881 0.0 90.141 82.3893 100.273 45.31 87.6843 110.81 84.8541 27.8927 69.9342 81.5966 84.7319 61.1561 50.448 75.6637 87.983 66.5169 86.5852 40.3113 63.4059 79.404 79.4292 81.4555 75.3127 104.592 83.304 65.1762 107.389 2.23607 50.0 30.6757 81.3941 60.7289 43.0 56.0357 48.5077 52.8867 52.9359 102.628 16.7631 46.6905 81.7551 56.3205 78.1025 92.2822 75.0067 79.6832 66.2722 111.984 8.94427 30.2655 
49.8486 37.3363 48.5077 87.8009 34.0588 55.0 56.5155 46.8402 35.9026 15.5242 50.2201 33.6006 66.0076 39.8246 55.6597 39.2046 34.5254 100.568 40.6079 90.141 0.0 95.4417 68.2771 70.6116 28.8444 41.0 71.046 79.0 45.5047 77.3369 74.491 48.4342 47.2652 90.0112 21.9545 77.736 6.32456 57.0088 44.7351 22.8035 14.4222 43.1393 17.6918 37.3363 58.0482 25.0 39.1152 91.7061 89.0225 96.0208 13.4164 29.4109 87.4757 40.3113 50.9902 75.8947 56.2228 49.6488 91.6624 80.2808 67.9469 85.1303 103.865 19.9249 28.2312 13.6015 100.207 65.192 81.3422 60.5392 
53.8266 65.8821 71.3442 8.24621 98.8243 40.4969 65.0 54.6212 76.6415 82.1671 45.2217 64.405 61.6947 87.6797 61.0328 56.3028 115.314 89.627 72.852 82.3893 95.4417 0.0 42.107 41.0 69.3181 79.2465 34.7851 55.0091 51.7145 19.6469 25.318 54.4355 59.0145 7.28011 76.0592 32.6497 97.9568 67.0127 88.3221 72.6705 99.6038 53.6656 99.0481 75.207 38.2884 83.5645 76.6877 84.4808 32.9848 55.9732 100.524 82.0375 39.8121 63.6554 103.902 31.5753 54.626 62.514 67.2681 36.0 32.4631 26.0768 12.6491 80.4984 106.078 83.2386 21.2603 55.3263 78.0 83.9566 
45.7571 64.6719 30.6757 34.3657 87.4829 32.1802 23.1948 54.4744 73.3965 58.5494 38.546 35.1158 77.4373 83.2402 19.6469 37.6746 97.5828 109.462 75.5396 100.273 68.2771 42.107 0.0 54.965 39.4987 39.8121 16.6433 72.8013 41.8815 24.3516 18.3848 52.8656 62.6725 41.2311 46.3297 35.2831 72.5896 73.4739 89.0968 48.111 75.8983 30.6769 75.7512 37.4433 33.5567 68.6743 38.0789 102.502 61.0328 82.0731 76.5513 71.4707 65.2993 63.0459 98.3359 49.5177 66.5639 22.8254 88.4707 57.3149 22.5183 52.6972 54.4518 49.2037 88.6394 59.1374 59.1354 13.3417 94.2113 93.7088 
25.9615 33.5261 70.3681 38.0132 62.8466 38.1836 69.9906 24.0832 41.0488 55.109 33.1947 50.448 22.4724 51.6995 65.7524 39.0512 79.8726 54.5894 36.4754 45.31 70.6116 41.0 54.965 0.0 53.7587 73.736 39.5457 18.0278 31.0483 36.4005 39.4235 25.0 24.1661 33.7343 58.1378 21.2085 70.214 30.0928 52.6373 51.0098 66.7083 42.1545 63.5059 67.6757 41.0 50.0899 70.2282 47.5395 18.7883 29.9666 68.542 47.5079 17.0294 30.6757 66.9825 9.48683 16.4012 62.391 34.0588 9.84886 36.4467 17.8045 41.6773 63.1269 71.0321 57.0701 33.2415 66.8966 39.2464 44.7342 
28.0713 29.1636 25.632 61.2944 50.3587 29.4109 31.1448 32.3645 37.2156 20.025 25.4951 5.0 60.5717 47.0106 29.0172 15.0 58.8558 98.4999 39.3645 87.6843 28.8444 69.3181 39.4987 53.7587 0.0 23.3452 44.0477 67.5263 23.0217 50.3504 47.4927 31.3645 38.1524 64.622 7.07107 41.4483 33.1059 49.1472 48.3645 10.198 36.8782 15.6525 37.2156 17.0294 33.541 32.0156 19.8494 89.6178 70.0071 82.9699 37.3631 35.1141 70.4557 31.7665 62.0322 56.0 45.2305 23.0 83.5459 62.2013 40.9487 64.195 78.7718 11.1803 50.2494 20.2237 77.4661 37.6563 78.8011 64.4244 
47.927 52.2895 9.89949 71.0211 70.5195 44.7214 19.105 53.9711 60.2163 39.9249 42.72 24.4131 82.1784 69.4622 20.8087 35.3553 75.2396 121.626 62.482 110.81 41.0 79.2465 39.8121 73.736 23.3452 0.0 45.1031 89.0056 42.9535 59.6825 53.9351 52.9711 61.2783 76.3217 24.5967 58.0517 47.0425 72.9706 71.1289 32.45 53.6004 31.6228 55.3173 6.40312 50.2195 53.6656 3.60555 112.744 87.868 103.619 53.3385 57.3062 89.5989 54.8925 84.0773 74.2512 66.8372 17.088 105.049 81.1107 52.04 80.895 90.5539 22.8035 67.897 39.2173 92.0217 30.4795 101.927 87.5504 
30.3379 49.8614 38.2099 26.5707 84.0658 16.7609 33.8378 39.0552 62.135 57.9403 21.7423 39.099 62.0181 73.3486 29.4109 31.9691 97.393 94.0424 59.6162 84.8541 71.046 34.7851 16.6433 39.5457 44.0477 45.1031 0.0 57.3821 28.2258 15.2315 10.6301 38.0552 47.2532 31.257 50.892 19.8638 73.7299 58.0546 74.2864 48.2847 75.377 28.4228 74.8212 50.4973 18.1374 67.469 42.3715 87.0827 46.2815 66.7188 76.2972 66.466 50.099 48.2355 88.6316 34.1679 51.1446 29.1548 73.0515 41.9772 7.09902 38.2049 45.5412 55.2189 90.3187 59.0118 47.2652 27.8029 78.7921 78.2896 
41.3401 42.4105 86.5332 53.7587 62.7065 54.4135 86.2205 36.4013 44.7214 64.1249 49.4246 64.8845 13.0384 48.0581 81.9823 53.6656 80.566 36.6742 39.6232 27.8927 79.0 55.0091 72.8013 18.0278 67.5263 89.0056 57.3821 0.0 46.1411 53.8516 57.2451 38.1618 32.5513 48.0937 70.7265 39.0449 77.2334 22.0227 55.3249 62.6564 72.0069 57.9828 68.2495 82.7345 57.23 55.4437 85.4225 30.0832 24.0416 17.1172 73.9797 51.788 17.4642 39.5173 53.2635 25.0 23.6335 78.6209 16.2788 19.0263 54.283 29.0172 52.1728 75.478 73.0421 66.1211 41.1096 84.733 23.0217 32.5269 
5.09902 22.8062 40.6079 44.1503 57.0106 11.5021 41.2311 12.0 35.0799 32.2277 6.51323 19.4165 39.9854 46.2934 37.2022 8.06226 72.6259 80.7153 32.561 69.9342 45.5047 51.7145 41.8815 31.0483 23.0217 42.9535 28.2258 46.1411 0.0 34.1679 31.6708 11.0 20.198 46.2815 28.2843 22.2163 48.0173 30.7776 47.2312 22.8473 49.6644 12.0416 49.1086 36.7696 14.3186 40.4138 39.3954 71.9766 47.0 60.7454 50.5846 39.4109 47.5184 21.1803 61.5764 33.0151 24.7588 33.2415 62.2176 39.2046 25.1268 41.4367 60.1354 33.2415 63.2635 33.2992 55.5783 42.102 61.2432 51.2344 
36.28 55.8035 52.0384 11.4018 90.0079 22.6716 46.2709 44.9973 68.0771 64.1923 27.6586 45.4018 58.9618 79.2907 42.107 38.2099 103.335 90.471 65.5583 81.5966 77.3369 19.6469 24.3516 36.4005 50.3504 59.6825 15.2315 53.8516 34.1679 0.0 6.08276 43.9973 51.1617 17.1172 57.1948 20.0998 79.982 59.1617 80.7647 54.5619 82.0573 34.7256 81.5015 55.5746 22.3607 73.4111 57.0701 83.8153 38.1838 60.6053 82.9775 72.4082 43.4166 54.1776 96.0514 29.0689 46.9126 43.1045 68.884 36.3593 13.4018 29.6985 31.0161 61.5216 96.2608 65.2638 34.7851 37.6431 75.6071 79.5205 
33.6308 53.1543 46.0977 17.1172 87.3587 20.2059 40.1995 42.3481 65.428 61.3853 25.1873 42.544 61.8959 76.6415 36.0555 35.4141 100.838 93.9149 62.9091 84.7319 74.491 25.318 18.3848 39.4235 47.4927 53.9351 10.6301 57.2451 31.6708 6.08276 0.0 41.3481 50.5461 23.1948 54.337 21.3776 77.1749 62.0958 77.5793 51.7296 78.8219 31.8678 78.2662 50.0 21.3776 70.914 51.4198 86.9605 43.2782 65.192 79.7422 69.759 48.1041 51.5284 91.9245 33.0151 49.8467 37.2156 72.7186 40.6079 10.544 34.8281 37.0 58.6639 93.7636 62.4568 40.8044 31.6228 78.6699 82.4546 
8.07107 13.8062 51.3289 49.7316 48.0106 21.3315 52.225 3.0 26.0799 32.9531 16.3426 28.7308 31.2072 37.2934 48.2017 17.6433 63.6259 71.9372 23.561 61.1561 48.4342 54.4355 52.8656 25.0 31.3645 52.9711 38.0552 38.1618 11.0 43.9973 41.3481 0.0 11.198 47.3455 35.2345 31.3018 48.8539 21.9995 38.2312 28.0185 46.8039 22.9317 44.2782 46.6508 24.1479 31.4138 49.3735 63.1985 42.7732 53.6308 48.4342 30.4109 42.0122 12.1803 52.5764 29.4605 15.8661 44.1856 54.1814 34.2415 34.9561 38.6962 58.7348 40.2046 54.2635 34.8378 53.7731 53.0861 52.465 42.2344 
17.2627 10.0 60.527 54.3106 39.8249 30.5296 61.423 8.24621 17.6918 32.0156 25.5406 37.9289 20.5215 28.6778 57.3997 26.8414 56.5862 61.2209 13.8924 50.448 47.2652 59.0145 62.6725 24.1661 38.1524 61.2783 47.2532 32.5513 20.198 51.1617 50.5461 11.198 0.0 51.9245 38.6264 35.8808 46.3249 11.3137 29.6155 30.3645 42.5441 32.1298 39.3573 55.0597 33.346 25.9422 58.5716 52.4976 42.9535 49.0918 44.3847 23.6008 40.5216 7.0 43.9608 31.4006 9.0 53.3837 47.2543 34.0147 44.1542 40.8044 62.9682 43.3244 47.5079 34.0147 56.4004 62.2842 41.7732 31.582 
48.3936 58.7921 69.0 7.81025 91.7343 35.3412 63.3877 47.5312 69.5515 76.7342 39.8246 59.808 54.5875 80.4846 59.2115 51.0 108.224 83.1986 65.762 75.6637 90.0112 7.28011 41.2311 33.7343 64.622 76.3217 31.257 48.0937 46.2815 17.1172 23.1948 47.3455 51.9245 0.0 71.1758 26.1725 92.5239 59.9104 82.4549 67.2593 92.1424 49.0408 89.5431 71.8746 32.45 76.4745 73.5946 77.7817 26.9258 50.1597 93.7795 74.9474 33.5261 56.5653 96.8001 24.3311 47.4236 60.0083 60.8769 29.0689 28.4764 19.4165 14.3178 75.7694 98.9875 77.8057 18.3576 54.5711 71.0282 76.8493 
33.1361 29.5296 29.2746 68.0955 46.3249 35.8469 36.0555 34.8535 36.1248 15.5242 31.6228 12.0416 58.8296 44.9444 34.5254 20.6155 53.2353 98.7927 38.9487 87.983 21.9545 76.0592 46.3297 58.1378 7.07107 24.5967 50.892 70.7265 28.2843 57.1948 54.337 35.2345 38.6264 71.1758 0.0 47.4817 26.5707 49.6152 46.8021 8.60233 31.1448 22.4722 32.0156 18.9737 39.584 29.0689 21.5407 89.8888 75.1066 86.8887 31.4006 32.7567 75.06 32.2025 59.4811 61.2046 47.1709 28.4429 85.5557 67.0 47.793 69.7209 85.235 5.0 45.0 15.1327 83.5152 43.6807 79.0759 62.862 
28.1607 42.7484 53.1413 26.4197 75.6906 13.3417 51.3073 31.4875 53.5078 62.2549 16.0312 37.1214 43.6809 64.546 47.0691 26.9661 92.1801 75.7053 49.7183 66.5169 77.736 32.6497 35.2831 21.2085 41.4483 58.0517 19.8638 39.0449 22.2163 20.0998 21.3776 31.3018 35.8808 26.1725 47.4817 0.0 78.1558 43.8808 65.4838 55.3645 76.0987 27.0185 73.4994 52.469 8.0 60.4308 54.7449 68.7455 29.8329 48.5112 77.7358 58.9037 32.34 40.5217 80.7705 16.2244 31.6317 44.3847 54.7143 23.9234 16.7648 23.0217 39.1152 52.2883 82.9438 64.1397 36.1386 47.2148 60.4549 64.2396 
54.925 36.6879 54.231 90.3926 28.2843 57.5258 61.9839 47.0106 33.0606 16.4012 52.7327 37.5899 64.195 35.4683 60.8769 41.7732 28.2843 96.8401 38.0132 86.5852 6.32456 97.9568 72.5896 70.214 33.1059 47.0425 73.7299 77.2334 48.0173 79.982 77.1749 48.8539 46.3249 92.5239 26.5707 78.1558 0.0 55.4437 41.3883 25.6125 8.48528 46.4004 12.2066 43.1045 60.5609 22.0227 45.0111 88.0568 88.8651 94.3398 7.2111 26.1725 86.8332 39.5601 45.607 76.1577 55.109 54.8179 89.1403 80.0062 70.6309 85.4927 105.589 25.318 21.9317 14.8661 100.627 70.214 77.8781 56.6127 
27.9517 20.4127 71.3284 61.8525 45.1516 41.331 71.7085 19.1541 23.7697 42.107 36.3421 48.7303 9.21954 34.0045 67.8164 37.6428 62.1776 50.9902 18.7883 40.3113 57.0088 67.0127 73.4739 30.0928 49.1472 72.9706 58.0546 22.0227 30.7776 59.1617 62.0958 21.9995 11.3137 59.9104 49.6152 43.8808 55.4437 0.0 34.9422 41.2471 50.6952 42.9312 47.1275 66.6503 44.1474 33.9559 69.373 42.4264 48.7484 39.0128 52.6308 30.6757 45.6975 17.5114 42.5211 38.1838 13.7793 64.1851 36.0555 39.8277 54.9556 47.4319 70.3245 54.241 53.4013 44.1022 63.0443 72.8272 31.8904 24.2071 
44.3023 25.2788 73.9158 83.9136 28.2094 57.5627 78.861 35.4008 12.1623 33.2074 52.5738 50.1105 42.5261 17.0623 76.2788 53.8745 45.2353 73.846 16.2111 63.4059 44.7351 88.3221 89.0968 52.6373 48.3645 71.1289 74.2864 55.3249 47.2312 80.7647 77.5793 38.2312 29.6155 82.4549 46.8021 65.4838 41.3883 34.9422 0.0 38.6816 35.0192 59.1629 31.0907 65.2718 60.3791 19.7703 68.0689 64.9732 71.2929 72.3482 37.0179 15.3246 69.4986 26.088 32.3452 60.7282 36.3237 70.4572 48.0 62.3722 71.1873 69.9764 92.869 50.0366 36.4591 34.807 85.5887 89.3173 54.607 34.0599 
27.2039 21.0238 35.7351 65.0 40.1995 32.2025 41.3038 27.0185 27.8029 10.4403 27.4591 13.1529 50.4548 37.1214 39.0128 16.4012 49.4773 90.2109 30.4138 79.404 22.8035 72.6705 48.111 51.0098 10.198 32.45 48.2847 62.6564 22.8473 54.5619 51.7296 28.0185 30.3645 67.2593 8.60233 55.3645 25.6125 41.2471 38.6816 0.0 27.8568 20.8087 27.6586 26.4197 35.2964 21.8403 29.1548 81.3019 68.6527 78.9177 28.6356 25.0799 68.0294 23.7697 52.0 54.9503 39.0512 33.0606 77.1876 60.3025 45.1856 63.8005 81.1132 13.0 40.6079 11.1803 78.1677 47.2652 70.4911 54.7416 
52.875 33.6155 60.0083 92.0396 19.799 59.1728 67.1863 44.6542 27.2947 17.4642 54.4026 40.8044 59.0339 27.8927 65.6201 43.4203 22.0907 89.4986 32.3883 79.4292 14.4222 99.6038 75.8983 66.7083 36.8782 53.6004 75.377 72.0069 49.6644 82.0573 78.8219 46.8039 42.5441 92.1424 31.1448 76.0987 8.48528 50.6952 35.0192 27.8568 0.0 48.3242 4.12311 49.0918 62.2079 16.7631 51.2445 80.8084 85.4927 89.1067 2.0 20.2237 82.8734 36.2353 37.2022 73.4302 50.9215 59.5399 83.006 76.5572 72.2779 82.8553 103.532 31.0644 14.3178 16.7631 98.27 74.5252 70.859 49.2443 
16.6433 34.738 28.6007 45.6508 59.3698 14.1421 29.4109 23.9317 45.2834 30.8875 11.1803 10.7703 51.5067 55.1271 25.5539 7.07107 69.6021 92.2366 44.4927 81.4555 43.1393 53.6656 30.6769 42.1545 15.6525 31.6228 28.4228 57.9828 12.0416 34.7256 31.8678 22.9317 32.1298 49.0408 22.4722 27.0185 46.4004 42.9312 59.1629 20.8087 48.3242 0.0 47.7684 25.7099 19.0263 40.5612 28.1603 83.4979 56.7112 72.0902 49.2445 43.3576 57.9798 33.1121 70.2228 42.6893 36.7696 21.2603 74.0982 49.4916 25.3238 50.04 63.2456 26.8328 60.5595 31.9061 62.514 30.8974 73.3967 63.1661 
50.3492 30.8058 61.2046 91.4839 16.4012 58.8357 68.0074 42.0119 23.5372 17.2627 53.8468 40.7922 55.3173 23.7697 66.1891 42.8645 21.8403 85.3756 28.6356 75.3127 17.6918 99.0481 75.7512 63.5059 37.2156 55.3173 74.8212 68.2495 49.1086 81.5015 78.2662 44.2782 39.3573 89.5431 32.0156 73.4994 12.2066 47.1275 31.0907 27.6586 4.12311 47.7684 0.0 50.4876 61.6522 13.4164 52.7731 76.6877 82.2922 85.3288 6.08276 16.4924 79.4798 33.2866 33.4215 70.4911 47.5395 60.1332 79.0253 73.3485 71.7222 79.925 100.932 32.5576 13.0384 17.0294 95.4149 74.8131 66.7533 45.1221 
41.7852 46.0709 11.1803 66.9624 65.2534 39.2046 19.6977 47.6508 54.0833 34.4819 36.8782 18.0278 75.8581 63.5295 20.0 29.0689 71.007 115.407 56.2718 104.592 37.3363 75.207 37.4433 67.6757 17.0294 6.40312 50.4973 82.7345 36.7696 55.5746 50.0 46.6508 55.0597 71.8746 18.9737 52.469 43.1045 66.6503 65.2718 26.4197 49.0918 25.7099 50.4876 0.0 44.5533 47.927 2.82843 106.525 82.2435 97.4987 49.0102 51.4296 83.678 48.6739 78.2943 68.3877 60.5169 14.8661 98.8323 75.1899 47.3982 75.4255 86.1904 18.0278 63.2851 33.9559 87.023 30.0 95.7084 81.3318 
16.4306 35.9542 45.6946 31.1448 70.1586 5.83095 44.1115 25.1479 48.2278 44.7712 8.06226 29.1548 60.5654 59.4414 39.8733 19.0684 83.4858 92.8381 45.709 83.304 58.0482 38.2884 33.5567 41.0 33.541 50.2195 18.1374 57.23 14.3186 22.3607 21.3776 24.1479 33.346 32.45 39.584 8.0 60.5609 44.1474 60.3791 35.2964 62.2079 19.0263 61.6522 44.5533 0.0 53.5617 46.8722 85.3464 37.6938 70.9609 63.1282 52.5588 40.1927 34.3283 74.7244 24.077 37.2374 37.1214 73.4223 31.7761 15.0384 31.0161 46.0652 44.3906 76.4114 45.8427 43.9318 44.668 74.613 64.3823 
37.4849 17.6918 57.5674 83.3934 19.105 50.7453 62.9682 29.0 11.0454 14.2127 45.7564 34.2345 42.4264 16.2788 60.407 35.6572 32.45 75.6108 16.0 65.1762 25.0 83.5645 68.6743 50.0899 32.0156 53.6656 67.469 55.4437 40.4138 73.4111 70.914 31.4138 25.9422 76.4745 29.0689 60.4308 22.0227 33.9559 19.7703 21.8403 16.7631 40.5612 13.4164 47.927 53.5617 0.0 50.5668 66.7435 68.8767 72.5603 18.6815 4.47214 66.1287 20.0 30.4138 57.1402 34.176 54.5894 67.1193 59.9333 64.37 66.5733 87.8635 31.6228 23.0217 15.5563 82.0975 68.2471 56.3773 35.7771 
44.3847 48.868 9.84886 68.4471 67.72 41.4367 18.868 50.3735 56.8595 37.0 39.2938 20.8087 78.5808 66.242 19.799 31.7648 73.0616 118.204 59.0689 107.389 39.1152 76.6877 38.0789 70.2282 19.8494 3.60555 42.3715 85.4225 39.3954 57.0701 51.4198 49.3735 58.5716 73.5946 21.5407 54.7449 45.0111 69.373 68.0689 29.1548 51.2445 28.1603 52.7731 2.82843 46.8722 50.5668 0.0 109.322 84.5449 100.09 51.0882 54.1202 86.14 51.4709 80.9568 70.9281 63.2396 15.2643 101.463 77.6518 49.1699 77.6466 87.8433 20.2237 65.4905 36.4005 89.0 29.7321 98.5055 84.1288 
69.1507 60.4649 112.527 83.7437 65.0692 82.53 112.908 60.3531 59.1355 79.6733 77.5411 89.9293 35.0 52.9528 109.015 78.8418 81.1542 8.94427 52.5712 2.23607 91.7061 84.4808 102.502 47.5395 89.6178 112.744 87.0827 30.0832 71.9766 83.8153 86.9605 63.1985 52.4976 77.7817 89.8888 68.7455 88.0568 42.4264 64.9732 81.3019 80.8084 83.4979 76.6877 106.525 85.3464 66.7435 109.322 0.0 52.0096 32.28 82.7647 62.2977 45.0111 58.0086 49.2544 55.0818 54.9783 104.67 18.4391 48.8365 83.9837 58.4209 80.0562 94.1654 76.0592 81.7802 68.1836 114.026 10.8167 31.5753 
42.0119 52.2015 82.8613 34.0 81.5022 43.1741 80.0798 42.2019 59.7051 73.4983 47.6852 66.1211 32.7308 70.3551 75.6644 55.0091 98.5282 56.7186 55.131 50.0 89.0225 32.9848 61.0328 18.7883 70.0071 87.868 46.2815 24.0416 47.0 38.1838 43.2782 42.7732 42.9535 26.9258 75.1066 29.8329 88.8651 48.7484 71.2929 68.6527 85.4927 56.7112 82.2922 82.2435 37.6938 68.8767 84.5449 52.0096 0.0 23.2594 87.3212 66.242 7.0 49.3964 75.0985 14.0357 34.9857 74.0159 34.3657 8.94427 43.1825 8.48528 28.2843 80.0999 89.6877 75.4321 17.088 73.5731 46.6905 54.9926 
55.7136 59.0762 100.329 57.2451 79.1202 68.1445 99.9515 52.1728 61.8142 81.0247 63.1556 80.0062 30.1496 64.5136 95.7133 68.6222 96.933 35.0143 56.7186 30.6757 96.0208 55.9732 82.0731 29.9666 82.9699 103.619 66.7188 17.1172 60.7454 60.6053 65.192 53.6308 49.0918 50.1597 86.8887 48.5112 94.3398 39.0128 72.3482 78.9177 89.1067 72.0902 85.3288 97.4987 70.9609 72.5603 100.09 32.28 23.2594 0.0 91.0824 68.884 17.2047 56.0803 68.2642 32.5576 40.1123 92.3519 13.9284 24.7588 63.6198 31.3847 49.366 91.6425 89.4978 83.0241 37.2156 94.0698 30.8058 47.1699 
54.5052 35.3553 60.0083 92.9599 21.2603 60.0931 67.3647 46.3249 29.2746 18.3576 55.3228 41.4367 61.0 29.8329 65.9242 44.3405 22.0 91.444 34.3657 81.3941 13.4164 100.524 76.5513 68.542 37.3631 53.3385 76.2972 73.9797 50.5846 82.9775 79.7422 48.4342 44.3847 93.7795 31.4006 77.7358 7.2111 52.6308 37.0179 28.6356 2.0 49.2445 6.08276 49.0102 63.1282 18.6815 51.0882 82.7647 87.3212 91.0824 0.0 22.2036 84.7585 38.0132 38.833 75.1798 52.811 59.8415 85.0059 78.3901 73.1982 84.5991 105.169 31.0 14.8661 17.4642 99.985 74.9533 72.8354 51.1957 
36.482 16.6433 60.7454 77.3336 18.0278 49.7424 65.7922 27.8029 7.07107 18.3848 44.7535 37.0416 38.833 12.2066 63.2099 38.4536 33.3017 71.1688 12.1655 60.7289 29.4109 82.0375 71.4707 47.5079 35.1141 57.3062 66.466 51.788 39.4109 72.4082 69.759 30.4109 23.6008 74.9474 32.7567 58.9037 26.1725 30.6757 15.3246 25.0799 20.2237 43.3576 16.4924 51.4296 52.5588 4.47214 54.1202 62.2977 66.242 68.884 22.2036 0.0 63.2232 18.4391 26.9258 55.0 31.305 57.3883 63.0317 57.3062 63.367 64.405 86.2786 35.609 24.0416 19.8494 80.0 71.0435 51.9316 31.305 
42.4264 50.2195 85.4669 40.3113 78.0546 45.6755 83.6051 41.1096 56.6542 72.0069 48.9537 66.9104 26.9831 63.4062 79.3669 55.5788 95.9141 49.8197 52.08 43.0 87.4757 39.8121 65.2993 17.0294 70.4557 89.5989 50.099 17.4642 47.5184 43.4166 48.1041 42.0122 40.5216 33.5261 75.06 32.34 86.8332 45.6975 69.4986 68.0294 82.8734 57.9798 79.4798 83.678 40.1927 66.1287 86.14 45.0111 7.0 17.2047 84.7585 63.2232 0.0 47.2969 69.3508 16.1245 31.9531 76.6836 27.4591 8.544 47.0 14.3178 35.2278 80.0562 86.6368 73.9797 23.7697 77.45 39.8121 49.2037 
18.2514 3.0 57.3178 58.9515 35.8469 31.5119 62.4053 9.43398 13.9284 25.02 26.5229 33.5125 26.7191 25.1503 58.382 27.8237 51.7397 66.8506 12.0 56.0357 40.3113 63.6554 63.0459 30.6757 31.7665 54.8925 48.2355 39.5173 21.1803 54.1776 51.5284 12.1803 7.0 56.5653 32.2025 40.5217 39.5601 17.5114 26.088 23.7697 36.2353 33.1121 33.2866 48.6739 34.3283 20.0 51.4709 58.0086 49.3964 56.0803 38.0132 18.4391 47.2969 0.0 40.4332 37.2156 16.0 54.366 53.4509 40.4969 45.1365 46.6476 67.9412 36.7696 42.45 27.0185 62.1289 63.2665 47.2017 36.2487 
58.6475 39.6241 87.6641 99.2003 17.8885 71.9079 92.6574 49.746 26.5075 44.4185 66.919 63.9068 43.2782 15.2971 90.0752 65.3188 32.0 57.0088 30.5563 48.5077 50.9902 103.902 98.3359 66.9825 62.0322 84.0773 88.6316 53.2635 61.5764 96.0514 91.9245 52.5764 43.9608 96.8001 59.4811 80.7705 45.607 42.5211 32.3452 52.0 37.2022 70.2228 33.4215 78.2943 74.7244 30.4138 80.9568 49.2544 75.0985 68.2642 38.833 26.9258 69.3508 40.4332 0.0 75.0735 50.669 84.2535 57.7754 68.3759 85.5326 84.3216 107.214 61.9112 28.1603 45.4863 92.0578 97.9087 41.4849 21.095 
28.0713 39.8246 69.3512 29.0689 70.8717 29.5598 67.4895 29.1548 48.9183 60.407 33.6632 52.0865 30.6347 59.7905 63.2513 41.0 87.8635 61.4654 44.5533 52.8867 75.8947 31.5753 49.5177 9.48683 56.0 74.2512 34.1679 25.0 33.0151 29.0689 33.0151 29.4605 31.4006 24.3311 61.2046 16.2244 76.1577 38.1838 60.7282 54.9503 73.4302 42.6893 70.4911 68.3877 24.077 57.1402 70.9281 55.0818 14.0357 32.5576 75.1798 55.0 16.1245 37.2156 75.0735 0.0 24.8395 60.5679 39.8246 7.81025 31.0689 9.43398 32.45 66.1891 78.8733 62.2977 25.0 61.5188 47.3814 52.8966 
20.8087 19.0 65.195 50.0615 46.5331 34.421 65.9469 13.6015 24.736 41.0122 29.4321 42.5969 22.987 35.386 61.8466 31.5094 63.5591 63.717 20.1618 52.9359 56.2228 54.626 66.5639 16.4012 45.2305 66.8372 51.1446 23.6335 24.7588 46.9126 49.8467 15.8661 9.0 47.4236 47.1709 31.6317 55.109 13.7793 36.3237 39.0512 50.9215 36.7696 47.5395 60.5169 37.2374 34.176 63.2396 54.9783 34.9857 40.1123 52.811 31.305 31.9531 16.0 50.669 24.8395 0.0 58.0 49.7198 26.0768 48.0456 33.9411 57.2014 51.923 54.7186 43.0116 49.5177 66.6632 44.2449 34.1381 
37.5366 51.2562 9.05539 54.3323 73.2462 31.305 8.544 45.1856 59.3141 43.0116 30.8058 20.3961 72.6792 69.1578 6.08276 27.4591 81.6149 113.409 61.4572 102.628 49.6488 62.514 22.8254 62.391 23.0 17.088 29.1548 78.6209 33.2415 43.1045 37.2156 44.1856 53.3837 60.0083 28.4429 44.3847 54.8179 64.1851 70.4572 33.0606 59.5399 21.2603 60.1332 14.8661 37.1214 54.5894 15.2643 104.67 74.0159 92.3519 59.8415 57.3883 76.6836 54.366 84.2535 60.5679 58.0 0.0 94.8103 68.267 36.2345 66.5556 74.108 29.7321 73.171 43.1045 76.4199 15.6525 94.6507 84.4201 
57.4564 56.3205 102.672 67.3573 70.6116 70.6059 102.413 52.4171 56.0803 77.4661 65.617 80.9123 26.9258 56.5685 98.1747 69.7021 88.0568 22.3607 51.1566 16.7631 91.6624 67.2681 88.4707 34.0588 83.5459 105.049 73.0515 16.2788 62.2176 68.884 72.7186 54.1814 47.2543 60.8769 85.5557 54.7143 89.1403 36.0555 48.0 77.1876 83.006 74.0982 79.0253 98.8323 73.4223 67.1193 101.463 18.4391 34.3657 13.9284 85.0059 63.0317 27.4591 53.4509 57.7754 39.8246 49.7198 94.8103 0.0 32.6956 69.9524 41.4849 62.0081 90.1815 81.3941 79.4292 50.01 100.402 17.6918 37.0 
34.1321 43.3244 77.0503 34.9285 72.5816 37.2588 75.1885 33.541 50.7844 64.7611 40.4655 58.5491 26.0083 61.4345 70.9503 47.2652 89.6075 54.7083 46.2103 46.6905 80.2808 36.0 57.3149 9.84886 62.2013 81.1107 41.9772 19.0263 39.2046 36.3593 40.6079 34.2415 34.0147 29.0689 67.0 23.9234 80.0062 39.8277 62.3722 60.3025 76.5572 49.4916 73.3485 75.1899 31.7761 59.9333 77.6518 48.8365 8.94427 24.7588 78.3901 57.3062 8.544 40.4969 68.3759 7.81025 26.0768 68.267 32.6956 0.0 38.8782 10.198 34.176 72.0 80.7671 66.7083 24.4131 69.3281 42.0 48.2701 
27.2389 46.7624 45.2897 24.3607 80.9668 13.6619 40.8973 35.9561 59.036 54.8413 18.6433 36.0 58.9191 70.2496 36.4819 28.8701 94.294 90.9434 56.5172 81.7551 67.9469 32.4631 22.5183 36.4467 40.9487 52.04 7.09902 54.283 25.1268 13.4018 10.544 34.9561 44.1542 28.4764 47.793 16.7648 70.6309 54.9556 71.1873 45.1856 72.2779 25.3238 71.7222 47.3982 15.0384 64.37 49.1699 83.9837 43.1825 63.6198 73.1982 63.367 47.0 45.1365 85.5326 31.0689 48.0456 36.2345 69.9524 38.8782 0.0 35.1059 42.7922 52.1199 87.2196 55.9128 44.19 34.45 75.693 75.1906 
36.6742 49.2443 75.4321 26.0 80.1858 36.2215 72.0032 38.4838 58.258 69.6492 39.0 60.0375 36.2026 69.0387 67.5878 49.2544 97.1854 63.7887 53.8145 56.3205 85.1303 26.0768 52.6972 17.8045 64.195 80.895 38.2049 29.0172 41.4367 29.6985 34.8281 38.6962 40.8044 19.4165 69.7209 23.0217 85.4927 47.4319 69.9764 63.8005 82.8553 50.04 79.925 75.4255 31.0161 66.5733 77.6466 58.4209 8.48528 31.3847 84.5991 64.405 14.3178 46.6476 84.3216 9.43398 33.9411 66.5556 41.4849 10.198 35.1059 0.0 24.1661 74.6726 88.2383 71.534 15.6205 65.3682 52.0384 58.4645 
55.5937 70.1783 83.0542 20.0998 102.756 49.3964 77.1038 58.9205 80.6598 89.6879 53.7122 74.0 60.0901 91.9312 73.0274 64.8845 119.503 84.1487 76.5768 78.1025 103.865 12.6491 54.4518 41.6773 78.7718 90.5539 45.5412 52.1728 60.1354 31.0161 37.0 58.7348 62.9682 14.3178 85.235 39.1152 105.589 70.3245 92.869 81.1132 103.532 63.2456 100.932 86.1904 46.0652 87.8635 87.8433 80.0562 28.2843 49.366 105.169 86.2786 35.2278 67.9412 107.214 32.45 57.2014 74.108 62.0081 34.176 42.7922 24.1661 0.0 89.8888 110.318 91.5727 12.1655 67.7422 74.9667 82.3519 
38.1182 34.0147 29.0172 72.4707 47.7598 40.4969 36.6742 39.6074 39.6232 17.4929 36.4005 16.1245 63.4487 47.8017 35.7351 25.4951 53.0 103.08 42.8019 92.2822 19.9249 80.4984 49.2037 63.1269 11.1803 22.8035 55.2189 75.478 33.2415 61.5216 58.6639 40.2046 43.3244 75.7694 5.0 52.2883 25.318 54.241 50.0366 13.0 31.0644 26.8328 32.5576 18.0278 44.3906 31.6228 20.2237 94.1654 80.0999 91.6425 31.0 35.609 80.0562 36.7696 61.9112 66.1891 51.923 29.7321 90.1815 72.0 52.1199 74.6726 89.8888 0.0 45.2769 16.5529 88.3217 45.31 83.3571 66.0965 
60.3346 40.4599 74.108 106.243 11.0 73.595 81.0247 51.7397 30.0 30.2655 68.6061 53.7587 60.9852 25.0 79.2275 55.6555 9.43398 84.2912 34.6699 75.0067 28.2312 106.078 88.6394 71.0321 50.2494 67.897 90.3187 73.0421 63.2635 96.2608 93.7636 54.2635 47.5079 98.9875 45.0 82.9438 21.9317 53.4013 36.4591 40.6079 14.3178 60.5595 13.0384 63.2851 76.4114 23.0217 65.4905 76.0592 89.6877 89.4978 14.8661 24.0416 86.6368 42.45 28.1603 78.8733 54.7186 73.171 81.3941 80.7671 87.2196 88.2383 110.318 45.2769 0.0 30.0666 103.856 87.8237 67.0671 45.0999 
37.6431 24.0208 44.4072 75.6744 31.3209 42.8076 51.0 33.2415 25.0599 2.0 38.0146 24.0416 53.2353 31.8277 49.163 27.0551 38.6394 90.6529 29.1548 79.6832 13.6015 83.2386 59.1374 57.0701 20.2237 39.2173 59.0118 66.1211 33.2992 65.2638 62.4568 34.8378 34.0147 77.8057 15.1327 64.1397 14.8661 44.1022 34.807 11.1803 16.7631 31.9061 17.0294 33.9559 45.8427 15.5563 36.4005 81.7802 75.4321 83.0241 17.4642 19.8494 73.9797 27.0185 45.4863 62.2977 43.0116 43.1045 79.4292 66.7083 55.9128 71.534 91.5727 16.5529 30.0666 0.0 86.6109 57.8705 70.758 50.8669 
50.9638 64.6607 85.4751 26.0768 95.7981 48.3735 80.604 53.7122 73.8783 84.7262 51.9711 72.9932 49.6901 84.651 76.2955 62.9996 112.805 72.0625 69.4268 66.2722 100.207 21.2603 59.1354 33.2415 77.4661 92.0217 47.2652 41.1096 55.5783 34.7851 40.8044 53.7731 56.4004 18.3576 83.5152 36.1386 100.627 63.0443 85.5887 78.1677 98.27 62.514 95.4149 87.023 43.9318 82.0975 89.0 68.1836 17.088 37.2156 99.985 80.0 23.7697 62.1289 92.0578 25.0 49.5177 76.4199 50.01 24.4131 44.19 15.6205 12.1655 88.3217 103.856 86.6109 0.0 72.4224 63.561 71.9519 
45.9069 64.8924 20.6155 47.676 87.0557 38.8395 11.6619 54.0861 72.9693 57.5587 38.7666 34.1321 89.9191 82.813 10.0 37.855 96.5091 122.192 75.7601 111.984 65.192 55.3263 13.3417 66.8966 37.6563 30.4795 27.8029 84.733 42.102 37.6431 31.6228 53.0861 62.2842 54.5711 43.6807 47.2148 70.214 72.8272 89.3173 47.2652 74.5252 30.8974 74.8131 30.0 44.668 68.2471 29.7321 114.026 73.5731 94.0698 74.9533 71.0435 77.45 63.2665 97.9087 61.5188 66.6632 15.6525 100.402 69.3281 34.45 65.3682 67.7422 45.31 87.8237 57.8705 72.4224 0.0 103.293 93.3205 
58.4173 49.6488 101.794 76.4199 56.0803 71.7965 102.174 49.6197 48.7693 68.865 66.8076 80.5471 25.0599 43.1856 98.282 68.1084 72.8354 19.7231 41.7629 8.94427 81.3422 78.0 94.2113 39.2464 78.8011 101.927 78.7921 23.0217 61.2432 75.6071 78.6699 52.465 41.7732 71.0282 79.0759 60.4549 77.8781 31.8904 54.607 70.4911 70.859 73.3967 66.7533 95.7084 74.613 56.3773 98.5055 10.8167 46.6905 30.8058 72.8354 51.9316 39.8121 47.2017 41.4849 47.3814 44.2449 94.6507 17.6918 42.0 75.693 52.0384 74.9667 83.3571 67.0671 70.758 63.561 103.293 0.0 22.0 
