NAME  : Jabali_70_3_0.90_1_8
TYPE : SVRP
MODEL : FINITE_SUPPORT
NUMBER_OF_SCENARIOS : 200
DIMENSION : 70
EDGE_WEIGHT_TYPE : MATRIX
CAPACITY : 151
N_VEHICLES : 3
NODE_COORD_SECTION
1 4223 4201
2 5993 2430
3 5244 2418
4 6982 5504
5 2692 4106
6 5163 5530
7 6027 2237
8 7806 4389
9 1444 1062
10 2008 6500
11 6182 2098
12 27 4925
13 2485 5463
14 7512 2936
15 34 5504
16 4795 7593
17 2288 4875
18 4913 6512
19 4075 5425
20 3226 1056
21 4123 2852
22 5594 5093
23 6678 7398
24 2210 6806
25 7026 2752
26 4111 1436
27 7641 3103
28 1535 255
29 7571 3217
30 6378 1249
31 7007 3991
32 5312 1647
33 6713 3387
34 7565 5406
35 1077 2164
36 2634 6492
37 2638 2607
38 5571 2184
39 6159 6993
40 440 2339
41 823 6201
42 7320 5781
43 3182 528
44 1639 2377
45 773 2744
46 3926 640
47 5516 1675
48 7404 1342
49 2448 3298
50 6287 2959
51 3092 7357
52 5038 692
53 6436 6440
54 5494 2520
55 3260 4545
56 2602 4292
57 2299 3462
58 2520 18
59 7240 4425
60 3579 1825
61 3298 7399
62 6888 1165
63 4356 3211
64 4917 7666
65 4034 3115
66 6160 3346
67 2290 6466
68 2267 5365
69 1704 733
70 2440 2019
DEMAND_SECTION
1 0.0
2 10.0
3 10.0
4 4.0
5 1.0
6 5.0
7 5.0
8 7.0
9 7.0
10 9.0
11 5.0
12 7.0
13 10.0
14 5.0
15 3.0
16 8.0
17 2.0
18 7.0
19 6.0
20 5.0
21 3.0
22 4.0
23 2.0
24 2.0
25 3.0
26 3.0
27 10.0
28 6.0
29 8.0
30 6.0
31 4.0
32 1.0
33 6.0
34 10.0
35 6.0
36 4.0
37 2.0
38 4.0
39 2.0
40 9.0
41 3.0
42 1.0
43 7.0
44 8.0
45 6.0
46 1.0
47 7.0
48 4.0
49 9.0
50 7.0
51 5.0
52 9.0
53 10.0
54 6.0
55 2.0
56 9.0
57 7.0
58 10.0
59 10.0
60 10.0
61 4.0
62 9.0
63 9.0
64 10.0
65 9.0
66 5.0
67 9.0
68 2.0
69 4.0
70 5.0
DEVIATION_SECTION
1 0.0
2 3.33333
3 3.33333
4 1.33333
5 0.333333
6 1.66667
7 1.66667
8 2.33333
9 2.33333
10 3.0
11 1.66667
12 2.33333
13 3.33333
14 1.66667
15 1.0
16 2.66667
17 0.666667
18 2.33333
19 2.0
20 1.66667
21 1.0
22 1.33333
23 0.666667
24 0.666667
25 1.0
26 1.0
27 3.33333
28 2.0
29 2.66667
30 2.0
31 1.33333
32 0.333333
33 2.0
34 3.33333
35 2.0
36 1.33333
37 0.666667
38 1.33333
39 0.666667
40 3.0
41 1.0
42 0.333333
43 2.33333
44 2.66667
45 2.0
46 0.333333
47 2.33333
48 1.33333
49 3.0
50 2.33333
51 1.66667
52 3.0
53 3.33333
54 2.0
55 0.666667
56 3.0
57 2.33333
58 3.33333
59 3.33333
60 3.33333
61 1.33333
62 3.0
63 3.0
64 3.33333
65 3.0
66 1.66667
67 3.0
68 0.666667
69 1.33333
70 1.66667
DISTANCE_MATRIX
0.0 34.4384 28.6356 45.056 20.6761 26.4313 36.2491 47.5672 57.5771 46.8431 38.4838 58.8314 33.8047 47.0106 61.1319 46.9574 28.8819 31.9296 15.0 45.2771 18.7883 28.6078 55.57 48.7661 42.4264 38.2753 46.6154 66.6349 47.4342 49.6488 37.2066 38.2099 35.0 49.3726 48.9599 39.4698 30.5337 33.2415 47.0361 55.3251 56.1327 50.2066 51.8731 40.9909 50.3647 48.8467 38.4708 57.8014 25.3363 32.6497 46.0435 49.163 45.0924 29.4109 15.3034 21.616 26.1458 61.544 40.3393 34.1321 46.0 54.626 14.5602 47.4131 16.1245 29.0 44.9275 31.4178 60.2566 39.3208 
34.4384 0.0 9.48683 43.566 50.2494 42.0476 2.0 36.0555 63.0714 78.2306 4.12311 88.2739 65.192 22.0907 91.2195 73.2462 60.0 58.0345 48.3839 41.4367 26.9258 37.3363 68.0294 79.7173 15.0333 28.4429 23.3452 66.3702 24.3311 16.0312 25.4951 13.0384 16.4012 45.3431 64.5908 73.3696 45.8047 6.08276 62.2977 73.0945 87.4185 48.0104 45.607 57.6271 69.5904 36.7696 11.4018 23.6008 51.4319 8.48528 78.8543 26.1725 54.7814 6.7082 46.6909 51.7397 52.1856 57.0088 31.8277 33.0606 78.4504 20.2485 25.4951 73.3348 28.6007 12.53 76.315 62.8052 62.0322 46.7061 
28.6356 9.48683 0.0 46.6905 42.2019 39.6258 10.2956 42.5441 54.0 71.5122 12.2066 79.8014 58.1378 31.0161 82.8821 71.5891 52.4786 56.0892 43.4166 33.2415 17.8045 36.7696 69.9603 73.4354 24.0832 20.6155 32.0156 57.8705 33.0151 21.4709 31.305 10.198 23.0868 49.8197 55.2893 67.6253 36.5032 5.0 64.0185 63.7931 79.925 51.6236 38.0789 48.3257 60.2889 30.2324 10.0 31.8277 42.9593 15.2971 74.4312 23.2594 56.5651 3.0 39.9249 43.8292 43.7131 49.3964 37.2156 24.0208 74.2428 27.2029 17.2047 71.8053 19.799 17.0 69.5968 55.9464 53.2353 37.4046 
45.056 43.566 46.6905 0.0 69.5042 30.263 45.2769 18.3848 95.1971 66.0142 46.5296 93.4296 62.2909 35.0143 92.5808 39.8121 64.2875 29.6985 41.7991 77.3038 52.4224 30.0028 25.4951 64.926 36.8782 66.0771 33.0 100.188 33.0151 57.3847 20.3961 55.6058 28.7924 7.61577 92.0033 58.9124 73.5771 47.8017 22.2036 99.3173 81.9256 5.38516 83.095 84.0344 94.3569 76.4853 54.4059 56.7186 68.4069 35.3553 56.5685 69.2026 14.3178 44.6878 61.6987 68.0458 69.3085 93.944 15.0 66.379 55.1725 58.2409 47.7421 39.3954 51.6299 31.0644 62.8955 59.2597 94.9385 78.4504 
20.6761 50.2494 42.2019 69.5042 0.0 44.6113 51.7397 67.1412 45.0073 33.0 53.9073 38.2753 18.0278 66.0379 41.0366 54.0722 11.1803 44.0491 31.6158 43.566 25.4951 52.7692 70.3476 36.1248 60.803 42.4807 65.8635 54.4537 66.7308 63.5138 56.7805 49.6488 54.2033 68.9466 36.2797 31.7805 20.3961 47.2017 61.9908 43.5179 38.0132 72.8348 50.01 28.3107 37.08 51.0 50.6063 73.7564 11.6619 50.6063 43.4626 57.0088 63.0825 44.0454 10.4403 2.0 10.6301 56.0803 59.9132 35.0143 44.2832 69.4046 25.0 54.8741 22.8254 47.7074 32.1403 17.1172 48.0513 28.2312 
26.4313 42.0476 39.6258 30.263 44.6113 0.0 44.0454 42.9519 83.01 43.1088 46.0977 69.1097 37.971 46.6681 68.2647 32.0156 39.9675 16.4924 16.9062 71.6949 45.179 8.60233 36.0555 42.7776 44.3847 64.4836 45.5913 92.0678 46.2038 58.0775 33.6297 49.8236 35.3412 37.7387 74.3927 36.4403 55.9665 43.1856 27.8029 80.276 58.1378 33.5936 78.2909 66.4238 73.8382 75.1553 49.4975 63.0635 50.7249 36.8782 38.0789 62.5202 24.0312 39.2046 36.8058 43.153 51.5344 88.1692 35.724 60.5599 37.3363 61.6604 40.7229 32.28 42.5551 32.0156 40.1298 34.9398 85.6894 64.7537 
36.2491 2.0 10.2956 45.2769 51.7397 44.0454 0.0 37.2022 63.1981 79.9356 2.23607 89.6416 66.888 22.3607 92.6553 75.2396 61.6117 60.0333 50.2892 41.1947 28.0179 39.3192 69.857 81.6076 15.2971 28.1603 23.7697 66.1891 24.7386 14.0357 26.8701 12.083 17.6918 46.8615 64.9592 75.26 46.1731 6.08276 64.195 73.4629 89.0505 49.6488 45.1221 57.9955 69.9588 36.0555 10.2956 22.0227 52.7996 10.0 80.8084 24.8395 56.648 7.81025 48.3959 53.2635 53.5533 56.5155 33.2415 33.2415 80.4114 18.3848 26.8701 75.326 29.8329 14.3178 78.02 64.5103 62.0 47.0745 
47.5672 36.0555 42.5441 18.3848 67.1412 42.9519 37.2022 0.0 94.8532 83.0221 37.6431 105.301 80.2739 19.6977 107.601 58.1808 75.3511 47.2017 59.5268 75.6108 53.3385 35.7023 42.0476 81.9339 24.2074 63.1585 17.4642 99.7246 17.088 46.2277 11.4018 49.0918 19.7231 14.0 94.4924 75.9203 76.0662 41.6773 40.2616 101.806 102.602 19.105 80.6226 86.5235 96.846 72.4707 47.4342 42.1545 70.896 27.7849 73.8974 62.0081 32.573 39.8121 61.7726 68.0851 71.6498 91.9239 7.28011 65.521 72.6225 45.2769 49.0918 57.7754 53.0848 25.632 79.9035 77.8869 94.5946 78.1065 
57.5771 63.0714 54.0 95.1971 45.0073 83.01 63.1981 94.8532 0.0 73.0068 64.3817 55.0818 59.6433 85.0059 62.0081 98.9613 54.6261 88.4983 76.505 23.7697 43.7924 80.4808 112.149 76.9797 78.0256 35.9026 86.0058 10.4403 87.0057 66.7608 83.4572 52.9528 76.3414 99.5137 16.1245 74.7772 28.6531 57.1402 103.615 21.587 69.0507 100.348 24.2074 18.868 24.0208 33.6155 54.9181 80.0812 33.3612 69.0652 88.2647 48.7545 101.671 57.0 53.7588 46.7133 34.6077 19.6977 88.6318 30.0167 89.1716 73.3757 48.7563 99.7632 46.0644 69.5352 73.4303 61.1784 5.09902 19.6977 
46.8431 78.2306 71.5122 66.0142 33.0 43.1088 79.9356 83.0221 73.0068 0.0 82.1662 34.176 15.0333 89.8658 30.4138 40.1123 22.0907 37.9473 30.876 76.3217 57.0701 51.2666 62.514 4.24264 85.5171 75.2396 89.4469 83.3847 89.0978 92.8798 76.7336 80.3617 77.8411 73.4899 57.7062 7.28011 53.1507 76.3355 55.109 57.2014 17.0294 69.3181 82.6075 54.48 51.3128 84.0 80.9568 101.796 43.4166 76.0519 18.3848 89.2693 57.2451 72.6867 31.6228 31.0 41.5933 87.5963 78.828 68.0074 20.2485 98.1907 55.0818 41.1096 54.1295 72.067 3.16228 16.1245 77.272 60.0167 
38.4838 4.12311 12.2066 46.5296 53.9073 46.0977 2.23607 37.6431 64.3817 82.1662 0.0 91.7573 69.1158 21.8403 94.7945 77.1622 63.8201 62.0081 52.4976 42.0476 30.0 41.1947 71.3092 83.8237 14.8661 29.0172 23.4094 67.0671 24.3516 12.0 27.6586 12.3693 18.4391 47.8017 66.4077 77.476 47.6217 7.61577 65.8027 74.9115 91.2634 50.774 45.7056 59.4441 71.4074 36.4005 10.4403 19.8494 54.9153 11.1803 82.9759 24.4131 58.1893 9.89949 50.6265 55.4437 55.669 57.0701 34.0588 34.5254 82.5708 16.1555 29.0 77.2334 31.8904 15.8114 80.2506 66.7409 63.0317 48.5231 
58.8314 88.2739 79.8014 93.4296 38.2753 69.1097 89.6416 105.301 55.0818 34.176 91.7573 0.0 31.1448 104.307 7.28011 73.5459 31.6228 68.0 56.1142 68.7095 62.5811 77.2675 94.0851 38.0789 99.0562 73.649 104.101 65.0 104.957 100.892 94.9399 87.4528 92.4392 100.905 39.3192 40.2616 51.0324 84.7872 86.0058 34.0588 19.8494 96.7603 73.3757 41.1096 31.257 78.7909 87.8083 111.571 52.0189 88.8392 52.5547 89.46 86.2844 81.8578 45.6946 37.2156 40.763 73.8241 98.0726 65.0499 54.4243 106.935 62.7801 74.5252 60.0883 85.9826 36.6879 34.2345 60.1332 51.4782 
33.8047 65.192 58.1378 62.2909 18.0278 37.971 66.888 80.2739 59.6433 15.0333 69.1158 31.1448 0.0 79.7413 30.6757 44.7772 7.07107 37.1214 24.9755 61.2944 42.72 46.1288 63.3877 18.4391 74.3695 60.407 79.3225 70.0204 80.141 79.6053 69.9132 66.4831 67.7167 69.7667 44.5477 15.2643 38.1182 63.0635 55.1453 45.2769 22.6274 65.6216 67.6018 41.1149 38.8973 69.0072 67.2309 88.7525 28.4429 64.3371 28.4253 74.7329 55.1464 59.5399 18.6011 16.0312 26.6833 72.8011 73.0459 53.0377 29.7321 85.0882 41.2311 45.6946 39.8497 61.0823 14.5602 3.16228 63.9069 45.1221 
47.0106 22.0907 31.0161 35.0143 66.0379 46.6681 22.3607 19.6977 85.0059 89.8658 21.8403 104.307 79.7413 0.0 106.658 72.7805 74.4076 59.7452 58.9942 63.5059 46.5725 39.4185 60.2993 89.4079 7.07107 50.4876 2.23607 88.459 2.82843 27.6586 15.2971 34.2053 12.0416 32.9848 86.2858 83.0707 67.4997 28.1603 57.0351 94.7895 102.069 37.4833 67.4685 79.3221 94.57 58.2409 32.28 22.4722 68.62 16.4924 84.6772 45.618 49.0408 28.0179 60.8291 67.1193 69.3738 78.8543 20.025 55.0 83.8522 25.807 43.6578 72.5672 47.4342 18.3576 87.1434 77.3544 84.0952 68.4011 
61.1319 91.2195 82.8821 92.5808 41.0366 68.2647 92.6553 107.601 62.0081 30.4138 94.7945 7.28011 30.6757 106.658 0.0 70.4557 32.7567 66.3702 55.2692 74.6324 65.6619 76.4226 92.0489 33.9559 101.671 79.0791 106.405 72.0278 107.258 103.972 97.2403 89.8464 94.7447 100.057 46.0977 37.1214 56.4625 87.8679 84.214 41.1947 14.3178 95.9114 79.555 47.2969 38.0526 84.5044 90.8891 114.63 46.0396 91.5478 48.5077 94.8902 85.1587 84.8999 47.1699 39.6989 43.8438 80.5047 100.373 70.48 50.448 110.016 65.7951 71.4493 63.169 88.4081 33.2415 33.8378 67.0298 57.2451 
46.9574 73.2462 71.5891 39.8121 54.0722 32.0156 75.2396 58.1808 98.9613 40.1123 77.1622 73.5459 44.7772 72.7805 70.4557 0.0 48.8774 15.5242 34.2053 92.13 65.7419 36.0139 24.5967 37.0 72.5603 85.0882 71.0634 108.408 71.3092 89.1403 57.4891 81.7863 63.3877 45.793 88.9391 33.3766 76.1941 74.9667 19.799 89.1481 57.0351 40.4969 98.726 82.2648 82.7102 95.7549 81.3941 92.3472 65.6059 67.0 23.3452 94.4914 26.0768 71.0211 46.2667 52.6138 64.7023 108.397 53.7587 81.0062 21.3776 92.0054 61.327 1.0 63.0635 62.0 37.2156 42.4853 102.005 81.65 
28.8819 60.0 52.4786 64.2875 11.1803 39.9675 61.6117 75.3511 54.6261 22.0907 63.8201 31.6228 7.07107 74.4076 32.7567 48.8774 0.0 39.4053 26.972 54.231 36.4005 48.1254 65.7037 25.4951 69.4466 53.651 74.1552 63.6161 75.2182 73.9256 64.9904 60.4152 62.4948 71.7632 39.5305 21.9317 31.0644 57.4543 57.347 40.3284 27.4591 67.6181 60.531 36.0977 33.8905 62.0322 61.2699 83.6002 21.3776 59.4143 34.6699 68.1542 57.143 54.0833 14.4222 9.21954 19.6469 65.8027 68.1231 46.0977 35.805 79.6116 35.3553 49.7393 33.6155 56.1595 21.587 7.2111 57.2138 38.0789 
31.9296 58.0345 56.0892 29.6985 44.0491 16.4924 60.0333 47.2017 88.4983 37.9473 62.0081 68.0 37.1214 59.7452 66.3702 15.5242 39.4053 0.0 20.8087 77.1809 50.6773 21.2132 26.3059 36.2491 58.567 69.982 58.1485 97.5561 58.4807 74.0068 44.5557 66.2873 49.3914 36.8782 78.916 30.6757 61.4548 59.5399 18.0278 79.7138 54.5711 32.2025 83.7769 72.2417 73.276 80.6536 65.9242 77.9295 55.5828 52.1536 26.8701 78.985 19.3132 55.5788 36.2436 42.5908 54.6792 93.6575 41.6786 66.0582 25.4951 77.1622 46.2213 15.8114 48.0535 47.1699 34.7851 34.2345 91.1777 70.242 
15.0 48.3839 43.4166 41.7991 31.6158 16.9062 50.2892 59.5268 76.505 30.876 52.4976 56.1142 24.9755 58.9942 55.2692 34.2053 26.972 20.8087 0.0 58.8831 32.9848 25.0641 45.8803 31.4165 54.6456 52.631 58.5754 79.0485 59.3939 64.0312 50.2045 53.1507 46.9696 49.2748 66.4827 25.0688 42.9472 47.8539 37.3363 67.2805 45.1796 45.1298 65.4791 59.8084 60.8427 62.979 53.3385 71.1758 43.1495 45.2611 31.0644 64.1249 35.3553 43.9318 23.8103 30.1575 42.2459 75.1499 52.2988 47.7974 31.0 68.6222 29.2746 34.8281 30.0939 41.1955 28.1536 21.9443 72.6701 51.7344 
45.2771 41.4367 33.2415 77.3038 43.566 71.6949 41.1947 75.6108 23.7697 76.3217 42.0476 68.7095 61.2944 63.5059 74.6324 92.13 54.231 77.1809 58.8831 0.0 26.9072 63.2627 98.5693 79.6304 56.4358 13.0384 64.7765 25.02 65.7647 43.1741 64.2573 30.0167 56.3205 81.4923 32.0156 75.3127 23.1948 35.3553 90.435 40.3609 77.6576 82.4543 6.7082 27.7308 39.1152 10.6301 32.0156 56.5155 33.0151 48.5077 86.4278 25.0599 86.5255 36.1386 49.7401 45.5412 35.0 16.6433 69.857 11.3137 87.0601 49.7293 31.8277 92.6401 29.2127 49.98 75.6637 60.6712 21.3776 17.4642 
18.7883 26.9258 17.8045 52.4224 25.4951 45.179 28.0179 53.3385 43.7924 57.0701 30.0 62.5811 42.72 46.5725 65.6619 65.7419 36.4005 50.6773 32.9848 26.9072 0.0 36.9925 72.2991 59.5399 40.1622 19.6469 47.0744 48.7834 48.0521 38.4187 42.107 24.1868 36.2215 56.7391 44.9304 54.1479 26.1443 22.6716 64.1648 53.4342 63.5059 57.573 33.4215 37.9668 49.9301 30.0832 25.2389 49.5782 25.7391 30.0832 63.2851 32.249 60.2553 20.2485 26.0192 27.313 26.4929 43.2074 46.6905 15.6205 63.5447 44.5982 5.0 66.1891 3.0 29.1548 55.5788 41.0 43.5338 27.0457 
28.6078 37.3363 36.7696 30.0028 52.7692 8.60233 39.3192 35.7023 80.4808 51.2666 41.1947 77.2675 46.1288 39.4185 76.4226 36.0139 48.1254 21.2132 25.0641 63.2627 36.9925 0.0 35.8149 50.9354 37.3833 53.4147 38.3417 85.4719 38.9542 53.1507 26.3801 46.8188 28.2077 37.5078 75.7029 44.5982 57.2767 39.5601 27.6806 83.0169 66.2956 33.3335 69.4766 67.7339 78.0564 64.2028 46.1736 56.7186 52.1065 31.0161 45.6508 60.0083 23.7711 35.7351 44.9637 51.3108 52.8603 79.8126 28.4744 52.0102 44.7214 56.0357 32.0537 36.0555 35.7144 26.0192 48.2876 43.0976 80.2222 63.7342 
55.57 68.0294 69.9603 25.4951 70.3476 36.0555 69.857 42.0476 112.149 62.514 71.3092 94.0851 63.3877 60.2993 92.0489 24.5967 65.7037 26.3059 45.8803 98.5693 72.2991 35.8149 0.0 60.0167 62.3699 88.7213 58.2151 121.206 58.1378 82.5409 45.8912 79.3011 54.1202 28.0713 103.531 55.3263 85.1052 71.5949 8.544 106.012 79.511 23.0 104.783 95.5625 99.5744 99.5095 78.2972 82.201 79.8636 60.1664 47.4342 92.8718 13.6015 68.1807 62.5421 68.8892 80.6731 115.119 40.3113 87.3168 45.5412 83.678 67.3603 23.7065 71.021 55.5428 59.4138 60.531 114.828 93.8924 
48.7661 79.7173 73.4354 64.926 36.1248 42.7776 81.6076 81.9339 76.9797 4.24264 83.8237 38.0789 18.4391 89.4079 33.9559 37.0 25.4951 36.2491 31.4165 79.6304 59.5399 50.9354 60.0167 0.0 86.0576 78.0577 88.223 87.3568 88.7666 94.8028 76.4025 82.4621 78.3816 72.4017 61.7738 6.40312 56.4358 78.2585 52.8867 61.4003 20.0998 68.0955 85.9884 58.4513 55.4707 87.0517 82.9699 102.585 46.8722 76.6731 14.5602 91.7878 55.5428 74.6097 33.7343 34.1321 45.1221 91.2184 78.4968 71.0282 16.4924 99.9641 57.2713 38.0 56.5685 72.6075 4.0 19.0263 81.2433 63.561 
42.4264 15.0333 24.0832 36.8782 60.803 44.3847 15.2971 24.2074 78.0256 85.5171 14.8661 99.0562 74.3695 7.07107 101.671 72.5603 69.4466 58.567 54.6456 56.4358 40.1622 37.3833 62.3699 86.0576 0.0 43.4166 8.544 81.3941 9.48683 22.0227 16.4924 27.2029 9.21954 36.2491 79.3724 79.7099 60.5863 21.095 58.2151 87.8762 96.6974 40.1622 60.4152 72.4088 84.3721 51.2445 25.2982 20.025 62.9545 10.2956 82.4621 38.9487 50.2494 21.095 55.8681 62.0081 63.7083 71.8053 22.4722 48.0104 81.7068 21.5407 37.5766 72.4431 41.2311 13.4536 82.7948 71.9825 77.0584 61.4877 
38.2753 28.4429 20.6155 66.0771 42.4807 64.4836 28.1603 63.1585 35.9026 75.2396 29.0172 73.649 60.407 50.4876 79.0791 85.0882 53.651 69.982 52.631 13.0384 19.6469 53.4147 88.7213 78.0577 43.4166 0.0 51.788 38.0526 52.7731 31.0161 51.8941 17.1172 43.6578 69.8928 40.8044 73.0068 24.1661 22.3607 80.587 49.4065 79.4507 71.218 17.4642 34.6554 46.6905 10.8167 19.105 44.2719 34.176 35.7351 82.7345 15.8114 76.6775 23.4094 45.1774 44.4325 36.4005 28.7924 57.7062 8.60233 83.0277 37.6962 23.7697 85.5063 22.561 37.5766 74.0608 59.1354 34.1321 23.3452 
46.6154 23.3452 32.0156 33.0 65.8635 45.5913 23.7697 17.4642 86.0058 89.4469 23.4094 104.101 79.3225 2.23607 106.405 71.0634 74.1552 58.1485 58.5754 64.7765 47.0744 38.3417 58.2151 88.223 8.544 51.788 0.0 89.6772 1.0 29.7321 13.6015 35.7351 11.6619 30.8058 87.2116 81.8858 68.4255 29.4279 55.0818 95.7154 101.65 35.3553 68.884 80.2479 94.6114 59.7746 33.8378 24.6982 68.6614 17.1172 83.6003 47.4131 47.0956 29.0172 60.8212 66.888 69.4152 80.2808 18.0 56.0357 82.7754 28.0179 43.9659 70.8308 47.8017 18.3848 85.5752 76.9355 85.2115 69.3269 
66.6349 66.3702 57.8705 100.188 54.4537 92.0678 66.1891 99.7246 10.4403 83.3847 67.0671 65.0 70.0204 88.459 72.0278 108.408 63.6161 97.5561 79.0485 25.02 48.7834 85.4719 121.206 87.3568 81.3941 38.0526 89.6772 0.0 90.6697 67.6018 88.3233 55.0 80.8084 104.505 26.4764 85.1543 36.8782 60.2993 112.673 31.0644 79.4292 105.339 22.561 29.0689 34.2345 32.7567 57.0 80.895 42.8076 73.1642 97.7112 48.2701 110.729 60.8276 63.0317 56.1598 44.0541 13.6015 93.6056 34.2053 98.618 73.9797 53.7473 109.21 51.0555 74.2159 83.8074 70.6058 6.40312 27.6586 
47.4342 24.3311 33.0151 33.0151 66.7308 46.2038 24.7386 17.088 87.0057 89.0978 24.3516 104.957 80.141 2.82843 107.258 71.3092 75.2182 58.4807 59.3939 65.7647 48.0521 38.9542 58.1378 88.7666 9.48683 52.7731 1.0 90.6697 0.0 30.4795 13.9284 36.6879 12.53 30.5941 88.2114 82.4294 69.4253 30.4138 55.1453 96.7152 102.469 35.2278 69.857 81.2478 95.5232 60.7289 34.7851 25.0799 69.5732 18.1108 84.2128 48.3011 47.1699 30.0167 61.6397 67.7422 70.327 81.2527 18.0278 57.0351 83.3879 28.6007 44.9222 71.0634 48.7647 19.3132 86.1188 77.7541 86.209 70.3267 
49.6488 16.0312 21.4709 57.3847 63.5138 58.0775 14.0357 46.2277 66.7608 92.8798 12.0 100.892 79.6053 27.6586 103.972 89.1403 73.9256 74.0068 64.0312 43.1741 38.4187 53.1507 82.5409 94.8028 22.0227 31.0161 29.7321 67.6018 30.4795 0.0 37.5899 15.0 28.6356 57.8014 71.1969 88.9256 52.5316 16.5529 77.3692 79.7559 101.356 61.2699 45.1774 64.3506 76.3174 35.0571 13.4536 13.3417 64.0494 22.561 94.7259 20.0998 69.6419 20.2485 61.327 65.192 64.8032 56.0089 43.909 38.4708 94.3663 6.7082 38.5876 89.202 40.8044 27.4591 90.9642 77.3886 64.5368 53.3385 
37.2066 25.4951 31.305 20.3961 56.7805 33.6297 26.8701 11.4018 83.4572 76.7336 27.6586 94.9399 69.9132 15.2971 97.2403 57.4891 64.9904 44.5557 50.2045 64.2573 42.107 26.3801 45.8912 76.4025 16.4924 51.8941 13.6015 88.3233 13.9284 37.5899 0.0 38.4187 9.21954 20.2485 84.2354 70.0652 65.8092 30.8058 42.0119 91.5494 93.2796 23.7697 69.3542 76.2664 86.5889 61.4003 36.8782 36.3456 60.639 17.0294 71.6387 51.6624 34.0147 28.6531 51.4119 57.7244 61.3927 80.6226 6.40312 54.1202 70.8138 37.9473 38.0 57.2713 42.0 14.3178 73.7546 67.5262 83.1986 66.7106 
38.2099 13.0384 10.198 55.6058 49.6488 49.8236 12.083 49.0918 52.9528 80.3617 12.3693 87.4528 66.4831 34.2053 89.8464 81.7863 60.4152 66.2873 53.1507 30.0167 24.1868 46.8188 79.3011 82.4621 27.2029 17.1172 35.7351 55.0 36.6879 15.0 38.4187 0.0 29.4109 57.9828 56.356 76.6877 37.6032 7.81025 73.3593 64.8845 87.6584 60.3075 33.3766 49.4256 61.3889 24.0416 2.0 27.7308 47.5962 21.4009 84.214 13.6015 65.9059 11.1803 48.7647 51.4296 50.6773 44.7214 44.6878 23.7697 84.0952 21.6333 25.2982 82.0 26.8328 24.7588 78.5875 64.5136 51.2445 38.4708 
35.0 16.4012 23.0868 28.7924 54.2033 35.3412 17.6918 19.7231 76.3414 77.8411 18.4391 92.4392 67.7167 12.0416 94.7447 63.3877 62.4948 49.3914 46.9696 56.3205 36.2215 28.2077 54.1202 78.3816 9.21954 43.6578 11.6619 80.8084 12.53 28.6356 9.21954 29.4109 0.0 29.4109 77.4794 72.0339 58.6933 21.9545 49.4975 85.9832 90.0447 32.6497 61.0983 70.5158 83.0429 52.7731 27.8029 29.0172 57.0929 8.06226 73.4098 42.5206 41.5933 20.2485 48.9163 55.2268 57.8467 72.45 15.6205 46.6905 72.6154 29.6142 32.7567 63.2851 36.6742 7.07107 75.1188 65.3297 75.9539 59.5947 
49.3726 45.3431 49.8197 7.61577 68.9466 37.7387 46.8615 14.0 99.5137 73.4899 47.8017 100.905 69.7667 32.9848 100.057 45.793 71.7632 36.8782 49.2748 81.4923 56.7391 37.5078 28.0713 72.4017 36.2491 69.8928 30.8058 104.505 30.5941 57.8014 20.2485 57.9828 29.4109 0.0 96.32 66.3881 77.8938 50.2096 26.9258 103.634 89.4014 5.38516 87.1321 88.351 98.6735 80.0 56.5862 55.3624 72.7236 36.8782 63.7024 71.4493 19.7231 47.5079 63.578 69.8905 73.6252 98.1122 13.8924 70.6612 62.2415 57.7754 52.0587 45.2769 55.9466 33.2415 70.3713 66.7354 99.2551 82.7671 
48.9599 64.5908 55.2893 92.0033 36.2797 74.3927 64.9592 94.4924 16.1245 57.7062 66.4077 39.3192 44.5477 86.2858 46.0977 88.9391 39.5305 78.916 66.4827 32.0156 44.9304 75.7029 103.531 61.7738 79.3724 40.8044 87.2116 26.4764 88.2114 71.1969 84.2354 56.356 77.4794 96.32 0.0 59.6816 23.0868 58.8858 94.9975 8.60233 52.9528 97.1539 35.3553 8.0 8.06226 42.638 58.1378 84.0773 24.6335 70.2156 72.9598 55.9732 93.0538 58.2793 45.0312 37.9857 25.8801 34.5254 87.2863 32.7567 74.2799 77.8974 49.8943 89.7409 47.2025 70.6733 58.3095 46.0829 21.0238 17.8885 
39.4698 73.3696 67.6253 58.9124 31.7805 36.4403 75.26 75.9203 74.7772 7.28011 77.476 40.2616 15.2643 83.0707 37.1214 33.3766 21.9317 30.6757 25.0688 75.3127 54.1479 44.5982 55.3263 6.40312 79.7099 73.0068 81.8858 85.1543 82.4294 88.9256 70.0652 76.6877 72.0339 66.3881 59.6816 0.0 52.1728 72.4484 47.8539 60.1415 24.1868 62.1772 81.7863 56.2488 53.9073 82.3031 77.1605 96.2369 43.0116 70.3254 13.4536 86.3713 49.98 68.7553 28.1603 29.8329 41.4367 87.5957 72.1596 66.3604 15.0 93.6165 51.6236 34.3657 51.1566 66.2598 4.12311 14.8661 79.0669 59.7746 
30.5337 45.8047 36.5032 73.5771 20.3961 55.9665 46.1731 76.0662 28.6531 53.1507 47.6217 51.0324 38.1182 67.4997 56.4625 76.1941 31.0644 61.4548 42.9472 23.1948 26.1443 57.2767 85.1052 56.4358 60.5863 24.1661 68.4255 36.8782 69.4253 52.5316 65.8092 37.6032 58.6933 77.8938 23.0868 52.1728 0.0 40.0997 76.5713 30.8058 55.5428 78.7277 29.6142 15.1327 26.0 31.257 39.3587 65.3009 10.198 51.4296 63.5689 39.8246 74.6276 39.4932 27.0179 22.3607 12.3693 36.2353 68.8601 15.8114 64.2573 59.2094 31.1082 76.7042 28.4164 51.8872 52.469 37.4833 30.6105 9.21954 
33.2415 6.08276 5.0 47.8017 47.2017 43.1856 6.08276 41.6773 57.1402 76.3355 7.61577 84.7872 63.0635 28.1603 87.8679 74.9667 57.4543 59.5399 47.8539 35.3553 22.6716 39.5601 71.5949 78.2585 21.095 22.3607 29.4279 60.2993 30.4138 16.5529 30.8058 7.81025 21.9545 50.2096 58.8858 72.4484 40.0997 0.0 65.6531 67.3896 84.9058 52.4976 39.5601 51.9222 63.8855 30.8707 6.7082 26.9072 47.9451 13.8924 78.7718 21.4009 58.1997 4.0 44.7772 48.8262 48.6989 50.9608 37.0135 27.1662 78.5175 22.2036 22.2036 75.1332 24.7588 16.9706 74.4199 60.8358 56.0089 41.0011 
47.0361 62.2977 64.0185 22.2036 61.9908 27.8029 64.195 40.2616 103.615 55.109 65.8027 86.0058 55.1453 57.0351 84.214 19.799 57.347 18.0278 37.3363 90.435 64.1648 27.6806 8.544 52.8867 58.2151 80.587 55.0818 112.673 55.1453 77.3692 42.0119 73.3593 49.4975 26.9258 94.9975 47.8539 76.5713 65.6531 0.0 97.6555 72.0069 21.5407 96.6489 87.0286 91.2176 91.3752 72.3553 78.2304 71.3297 54.8179 41.1461 86.93 8.0 62.2389 54.1853 60.5324 72.1392 106.423 37.1214 79.1825 39.3573 79.0759 59.226 19.105 62.3248 50.0 51.9711 52.2398 106.294 85.3585 
55.3251 73.0945 63.7931 99.3173 43.5179 80.276 73.4629 101.806 21.587 57.2014 74.9115 34.0588 45.2769 94.7895 41.1947 89.1481 40.3284 79.7138 67.2805 40.3609 53.4342 83.0169 106.012 61.4003 87.8762 49.4065 95.7154 31.0644 96.7152 79.7559 91.5494 64.8845 85.9832 103.634 8.60233 60.1415 30.8058 67.3896 97.6555 0.0 49.98 104.468 43.2666 15.8114 6.7082 50.9902 66.6483 92.5905 31.9476 78.7194 73.5527 64.5368 98.7472 66.7831 51.8571 42.5625 33.1941 41.1096 94.6003 41.3401 74.9533 86.4523 56.8484 90.0194 54.1566 79.177 58.258 46.8615 26.6833 26.4197 
56.1327 87.4185 79.925 81.9256 38.0132 58.1378 89.0505 102.602 69.0507 17.0294 91.2634 19.8494 22.6274 102.069 14.3178 57.0351 27.4591 54.5711 45.1796 77.6576 63.5059 66.2956 79.511 20.0998 96.6974 79.4507 101.65 79.4292 102.469 101.356 93.2796 87.6584 90.0447 89.4014 52.9528 24.1868 55.5428 84.9058 72.0069 49.98 0.0 85.2563 83.2947 52.0384 45.3542 86.6925 88.5889 111.018 45.3542 86.6651 34.5254 94.8625 73.7631 81.5414 41.1096 36.2353 43.1741 86.093 95.3739 71.3092 36.4966 107.07 62.7694 58.0345 60.8276 83.4103 20.0998 25.4951 73.8241 60.2993 
50.2066 48.0104 51.6236 5.38516 72.8348 33.5936 49.6488 19.105 100.348 69.3181 50.774 96.7603 65.6216 37.4833 95.9114 40.4969 67.6181 32.2025 45.1298 82.4543 57.573 33.3335 23.0 68.0955 40.1622 71.218 35.3553 105.339 35.2278 61.2699 23.7697 60.3075 32.6497 5.38516 97.1539 62.1772 78.7277 52.4976 21.5407 104.468 85.2563 0.0 88.2456 89.1849 102.062 81.5659 59.0339 59.6657 73.5575 39.6611 58.8982 73.8783 14.4222 49.5177 65.0293 71.3765 79.7579 99.0945 17.72 71.5296 57.3847 61.6847 52.8927 39.9625 56.7805 35.609 66.1891 62.5903 100.089 83.601 
51.8731 45.607 38.0789 83.095 50.01 78.2909 45.1221 80.6226 24.2074 82.6075 45.7056 73.3757 67.6018 67.4685 79.555 98.726 60.531 83.7769 65.4791 6.7082 33.4215 69.4766 104.783 85.9884 60.4152 17.4642 68.884 22.561 69.857 45.1774 69.3542 33.3766 61.0983 87.1321 35.3553 81.7863 29.6142 39.5601 96.6489 43.2666 83.2947 88.2456 0.0 32.28 42.9535 10.198 35.3553 58.4209 39.2046 53.1413 93.0092 25.7099 92.7394 40.8534 56.3215 51.9711 41.1096 11.4018 75.1332 17.8045 93.6415 51.4782 38.2884 99.1987 35.805 55.0364 82.0366 67.082 20.5913 23.0217 
40.9909 57.6271 48.3257 84.0344 28.3107 66.4238 57.9955 86.5235 18.868 54.48 59.4441 41.1096 41.1149 79.3221 47.2969 82.2648 36.0977 72.2417 59.8084 27.7308 37.9668 67.7339 95.5625 58.4513 72.4088 34.6554 80.2479 29.0689 81.2478 64.3506 76.2664 49.4256 70.5158 88.351 8.0 56.2488 15.1327 51.9222 87.0286 15.8114 52.0384 89.1849 32.28 0.0 12.0416 38.0789 51.1811 77.1233 16.6646 63.252 71.5682 50.2494 85.0849 51.3157 37.0623 30.0168 17.9111 34.0588 79.3173 26.2488 72.475 71.0211 42.9307 83.0666 40.2389 63.7096 54.9019 42.65 22.8473 11.3137 
50.3647 69.5904 60.2889 94.3569 37.08 73.8382 69.9588 96.846 24.0208 51.3128 71.4074 31.257 38.8973 94.57 38.0526 82.7102 33.8905 73.276 60.8427 39.1152 49.9301 78.0564 99.5744 55.4707 84.3721 46.6905 94.6114 34.2345 95.5232 76.3174 86.5889 61.3889 83.0429 98.6735 8.06226 53.9073 26.0 63.8855 91.2176 6.7082 45.3542 102.062 42.9535 12.0416 0.0 49.6488 63.1444 89.0866 26.9871 75.2153 67.2681 62.2415 92.3093 63.279 45.4192 36.1247 28.2336 42.5793 89.6398 38.2884 68.6222 82.9952 51.888 83.5815 49.1962 76.2438 52.2015 40.4429 29.0 23.3452 
48.8467 36.7696 30.2324 76.4853 51.0 75.1553 36.0555 72.4707 33.6155 84.0 36.4005 78.7909 69.0072 58.2409 84.5044 95.7549 62.0322 80.6536 62.979 10.6301 30.0832 64.2028 99.5095 87.0517 51.2445 10.8167 59.7746 32.7567 60.7289 35.0571 61.4003 24.0416 52.7731 80.0 42.638 82.3031 31.257 30.8707 91.3752 50.9902 86.6925 81.5659 10.198 38.0789 49.6488 0.0 25.9615 48.2597 41.4367 44.7214 92.5743 15.5242 87.4657 32.7567 54.9181 53.0 43.566 21.0238 67.4166 16.0312 92.9624 41.3038 34.4384 96.1769 32.8938 47.1699 83.0542 68.0294 30.4631 27.313 
38.4708 11.4018 10.0 54.4059 50.6063 49.4975 10.2956 47.4342 54.9181 80.9568 10.4403 87.8083 67.2309 32.28 90.8891 81.3941 61.2699 65.9242 53.3385 32.0156 25.2389 46.1736 78.2972 82.9699 25.2982 19.105 33.8378 57.0 34.7851 13.4536 36.8782 2.0 27.8029 56.5862 58.1378 77.1605 39.3587 6.7082 72.3553 66.6483 88.5889 59.0339 35.3553 51.1811 63.1444 25.9615 0.0 25.9422 50.9662 19.8494 84.3801 14.8661 64.9019 10.4403 49.3356 52.3546 51.72 46.6905 43.1856 25.632 84.214 20.0 26.0 81.5843 27.7849 23.4307 79.1202 65.192 53.2353 40.2492 
57.8014 23.6008 31.8277 56.7186 73.7564 63.0635 22.0227 42.1545 80.0812 101.796 19.8494 111.571 88.7525 22.4722 114.63 92.3472 83.6002 77.9295 71.1758 56.5155 49.5782 56.7186 82.201 102.585 20.025 44.2719 24.6982 80.895 25.0799 13.3417 36.3456 27.7308 29.0172 55.3624 84.0773 96.2369 65.3009 26.9072 78.2304 92.5905 111.018 59.6657 58.4209 77.1233 89.0866 48.2597 25.9422 0.0 74.7293 26.2488 101.027 33.0151 70.2567 29.7321 70.2566 75.2861 75.4831 69.1158 41.9762 51.4782 100.318 7.0 48.8365 92.2659 51.6236 31.0483 99.3218 86.3709 77.8781 66.1891 
25.3363 51.4319 42.9593 68.4069 11.6619 50.7249 52.7996 70.896 33.3612 43.4166 54.9153 52.0189 28.4429 68.62 46.0396 65.6059 21.3776 55.5828 43.1495 33.0151 25.7391 52.1065 79.8636 46.8722 62.9545 34.176 68.6614 42.8076 69.5732 64.0494 60.639 47.5962 57.0929 72.7236 24.6335 43.0116 10.198 47.9451 71.3297 31.9476 45.3542 73.5575 39.2046 16.6646 26.9871 41.4367 50.9662 74.7293 0.0 52.6647 55.0364 49.8291 69.386 45.0158 20.6155 13.4164 2.23607 44.5982 63.6899 25.9615 55.9017 70.0928 25.938 66.4077 23.2462 50.2938 42.9535 28.1603 36.4052 16.7631 
32.6497 8.48528 15.2971 35.3553 50.6063 36.8782 10.0 27.7849 69.0652 76.0519 11.1803 88.8392 64.3371 16.4924 91.5478 67.0 59.4143 52.1536 45.2611 48.5077 30.0832 31.0161 60.1664 76.6731 10.2956 35.7351 17.1172 73.1642 18.1108 22.561 17.0294 21.4009 8.06226 36.8782 70.2156 70.3254 51.4296 13.8924 54.8179 78.7194 86.6651 39.6611 53.1413 63.252 75.2153 44.7214 19.8494 26.2488 52.6647 0.0 74.8013 34.6554 47.1275 12.3693 45.8358 51.8556 53.4185 64.5136 23.3452 39.2046 74.0923 25.02 27.313 67.0075 31.0161 5.0 73.3296 61.9501 68.469 52.331 
46.0435 78.8543 74.4312 56.5685 43.4626 38.0789 80.8084 73.8974 88.2647 18.3848 82.9759 52.5547 28.4253 84.6772 48.5077 23.3452 34.6699 26.8701 31.0644 86.4278 63.2851 45.6508 47.4342 14.5602 82.4621 82.7345 83.6003 97.7112 84.2128 94.7259 71.6387 84.214 73.4098 63.7024 72.9598 13.4536 63.5689 78.7718 41.1461 73.5527 34.5254 58.8982 93.0092 71.5682 67.2681 92.5743 84.3801 101.027 55.0364 74.8013 0.0 95.0211 45.2217 74.8131 37.6563 41.6293 53.6656 99.5389 68.305 76.7082 2.0 98.9845 60.0333 24.3311 60.2993 69.9852 16.1245 27.4591 91.3088 71.6938 
49.163 26.1725 23.2594 69.2026 57.0088 62.5202 24.8395 62.0081 48.7545 89.2693 24.4131 89.46 74.7329 45.618 94.8902 94.4914 68.1542 78.985 64.1249 25.0599 32.249 60.0083 92.8718 91.7878 38.9487 15.8114 47.4131 48.2701 48.3011 20.0998 51.6624 13.6015 42.5206 71.4493 55.9732 86.3713 39.8246 21.4009 86.93 64.5368 94.8625 73.8783 25.7099 50.2494 62.2415 15.5242 14.8661 33.0151 49.8291 34.6554 95.0211 0.0 79.4765 24.6982 58.2151 58.9406 52.0517 36.1248 58.0 24.4131 95.0842 26.0192 35.0 94.7199 35.2278 38.2884 87.8237 73.1642 45.8803 38.9487 
45.0924 54.7814 56.5651 14.3178 63.0825 24.0312 56.648 32.573 101.671 57.2451 58.1893 86.2844 55.1464 49.0408 85.1587 26.0768 57.143 19.3132 35.3553 86.5255 60.2553 23.7711 13.6015 55.5428 50.2494 76.6775 47.0956 110.729 47.1699 69.6419 34.0147 65.9059 41.5933 19.7231 93.0538 49.98 74.6276 58.1997 8.0 98.7472 73.7631 14.4222 92.7394 85.0849 92.3093 87.4657 64.9019 70.2567 69.386 47.1275 45.2217 79.4765 0.0 54.7854 55.277 61.6241 70.1955 103.075 29.1548 75.273 43.6005 71.1969 55.3165 25.5539 58.9772 42.3792 54.0833 52.1152 104.351 83.4148 
29.4109 6.7082 3.0 44.6878 44.0454 39.2046 7.81025 39.8121 57.0 72.6867 9.89949 81.8578 59.5399 28.0179 84.8999 71.0211 54.0833 55.5788 43.9318 36.1386 20.2485 35.7351 68.1807 74.6097 21.095 23.4094 29.0172 60.8276 30.0167 20.2485 28.6531 11.1803 20.2485 47.5079 58.2793 68.7553 39.4932 4.0 62.2389 66.7831 81.5414 49.5177 40.8534 51.3157 63.279 32.7567 10.4403 29.7321 45.0158 12.3693 74.8131 24.6982 54.7854 0.0 41.1461 45.607 45.7696 52.2015 34.6699 27.0185 74.5453 25.5539 19.105 71.1969 22.0227 14.4222 70.7711 57.2451 56.2228 40.3946 
15.3034 46.6909 39.9249 61.6987 10.4403 36.8058 48.3959 61.7726 53.7588 31.6228 50.6265 45.6946 18.6011 60.8291 47.1699 46.2667 14.4222 36.2436 23.8103 49.7401 26.0192 44.9637 62.5421 33.7343 55.8681 45.1774 60.8212 63.0317 61.6397 61.327 51.4119 48.7647 48.9163 63.578 45.0312 28.1603 27.0179 44.7772 54.1853 51.8571 41.1096 65.0293 56.3215 37.0623 45.4192 54.9181 49.3356 70.2566 20.6155 45.8358 37.6563 58.2151 55.277 41.1461 0.0 10.0499 20.2485 63.2502 54.5446 39.0649 38.0789 66.6483 23.5372 47.0686 23.0217 42.581 29.8329 16.1245 56.6392 35.805 
21.616 51.7397 43.8292 68.0458 2.0 43.153 53.2635 68.0851 46.7133 31.0 55.4437 37.2156 16.0312 67.1193 39.6989 52.6138 9.21954 42.5908 30.1575 45.5412 27.313 51.3108 68.8892 34.1321 62.0081 44.4325 66.888 56.1598 67.7422 65.192 57.7244 51.4296 55.2268 69.8905 37.9857 29.8329 22.3607 48.8262 60.5324 42.5625 36.2353 71.3765 51.9711 30.0168 36.1247 53.0 52.3546 75.2861 13.4164 51.8556 41.6293 58.9406 61.6241 45.607 10.0499 0.0 12.2066 57.9396 60.8571 37.0135 42.4853 71.0282 26.6271 53.4157 24.5967 48.8262 30.1496 15.1327 49.7574 30.0832 
26.1458 52.1856 43.7131 69.3085 10.6301 51.5344 53.5533 71.6498 34.6077 41.5933 55.669 40.763 26.6833 69.3738 43.8438 64.7023 19.6469 54.6792 42.2459 35.0 26.4929 52.8603 80.6731 45.1221 63.7083 36.4005 69.4152 44.0541 70.327 64.8032 61.3927 50.6773 57.8467 73.6252 25.8801 41.4367 12.3693 48.6989 72.1392 33.1941 43.1741 79.7579 41.1096 17.9111 28.2336 43.566 51.72 75.4831 2.23607 53.4185 53.6656 52.0517 70.1955 45.7696 20.2485 12.2066 0.0 46.1736 64.5304 28.1603 54.5894 70.8466 26.6918 65.5041 24.0 51.0476 41.2311 26.5707 37.6517 18.4391 
61.544 57.0088 49.3964 93.944 56.0803 88.1692 56.5155 91.9239 19.6977 87.5963 57.0701 73.8241 72.8011 78.8543 80.5047 108.397 65.8027 93.6575 75.1499 16.6433 43.2074 79.8126 115.119 91.2184 71.8053 28.7924 80.2808 13.6015 81.2527 56.0089 80.6226 44.7214 72.45 98.1122 34.5254 87.5957 36.2353 50.9608 106.423 41.1096 86.093 99.0945 11.4018 34.0588 42.5793 21.0238 46.6905 69.1158 44.5982 64.5136 99.5389 36.1248 103.075 52.2015 63.2502 57.9396 46.1736 0.0 86.3308 27.8029 100.319 62.1289 48.1713 108.907 45.4795 66.3099 87.3613 72.7324 14.7648 27.8568 
40.3393 31.8277 37.2156 15.0 59.9132 35.724 33.2415 7.28011 88.6318 78.828 34.0588 98.0726 73.0459 20.025 100.373 53.7587 68.1231 41.6786 52.2988 69.857 46.6905 28.4744 40.3113 78.4968 22.4722 57.7062 18.0 93.6056 18.0278 43.909 6.40312 44.6878 15.6205 13.8924 87.2863 72.1596 68.8601 37.0135 37.1214 94.6003 95.3739 17.72 75.1332 79.3173 89.6398 67.4166 43.1856 41.9762 63.6899 23.3452 68.305 58.0 29.1548 34.6699 54.5446 60.8571 64.5304 86.3308 0.0 59.4643 67.0302 44.0114 42.2966 53.4509 46.2709 20.2485 75.849 70.659 88.3732 71.8852 
34.1321 33.0606 24.0208 66.379 35.0143 60.5599 33.2415 65.521 30.0167 68.0074 34.5254 65.0499 53.0377 55.0 70.48 81.0062 46.0977 66.0582 47.7974 11.3137 15.6205 52.0102 87.3168 71.0282 48.0104 8.60233 56.0357 34.2053 57.0351 38.4708 54.1202 23.7697 46.6905 70.6612 32.7567 66.3604 15.8114 27.1662 79.1825 41.3401 71.3092 71.5296 17.8045 26.2488 38.2884 16.0312 25.632 51.4782 25.9615 39.2046 76.7082 24.4131 75.273 27.0185 39.0649 37.0135 28.1603 27.8029 59.4643 0.0 77.142 45.1774 20.5183 81.4923 18.0278 40.025 67.0298 52.0096 29.2746 15.0 
46.0 78.4504 74.2428 55.1725 44.2832 37.3363 80.4114 72.6225 89.1716 20.2485 82.5708 54.4243 29.7321 83.8522 50.448 21.3776 35.805 25.4951 31.0 87.0601 63.5447 44.7214 45.5412 16.4924 81.7068 83.0277 82.7754 98.618 83.3879 94.3663 70.8138 84.0952 72.6154 62.2415 74.2799 15.0 64.2573 78.5175 39.3573 74.9533 36.4966 57.3847 93.6415 72.475 68.6222 92.9624 84.214 100.318 55.9017 74.0923 2.0 95.0842 43.6005 74.5453 38.0789 42.4853 54.5894 100.319 67.0302 77.142 0.0 98.5782 60.1332 22.3607 60.5608 69.2762 17.8885 28.6007 92.2156 72.4983 
54.626 20.2485 27.2029 58.2409 69.4046 61.6604 18.3848 45.2769 73.3757 98.1907 16.1555 106.935 85.0882 25.807 110.016 92.0054 79.6116 77.1622 68.6222 49.7293 44.5982 56.0357 83.678 99.9641 21.5407 37.6962 28.0179 73.9797 28.6007 6.7082 37.9473 21.6333 29.6142 57.7754 77.8974 93.6165 59.2094 22.2036 79.0759 86.4523 107.07 61.6847 51.4782 71.0211 82.9952 41.3038 20.0 7.0 70.0928 25.02 98.9845 26.0192 71.1969 25.5539 66.6483 71.0282 70.8466 62.1289 44.0114 45.1774 98.5782 0.0 44.4072 92.0 46.8615 30.0167 96.2751 82.7647 71.0634 60.0333 
14.5602 25.4951 17.2047 47.7421 25.0 40.7229 26.8701 49.0918 48.7563 55.0818 29.0 62.7801 41.2311 43.6578 65.7951 61.327 35.3553 46.2213 29.2746 31.8277 5.0 32.0537 67.3603 57.2713 37.5766 23.7697 43.9659 53.7473 44.9222 38.5876 38.0 25.2982 32.7567 52.0587 49.8943 51.6236 31.1082 22.2036 59.226 56.8484 62.7694 52.8927 38.2884 42.9307 51.888 34.4384 26.0 48.8365 25.938 27.313 60.0333 35.0 55.3165 19.105 23.5372 26.6271 26.6918 48.1713 42.2966 20.5183 60.1332 44.4072 0.0 61.7414 4.0 25.7099 53.3667 39.2173 48.4976 32.0096 
47.4131 73.3348 71.8053 39.3954 54.8741 32.28 75.326 57.7754 99.7632 41.1096 77.2334 74.5252 45.6946 72.5672 71.4493 1.0 49.7393 15.8114 34.8281 92.6401 66.1891 36.0555 23.7065 38.0 72.4431 85.5063 70.8308 109.21 71.0634 89.202 57.2713 82.0 63.2851 45.2769 89.7409 34.3657 76.7042 75.1332 19.105 90.0194 58.0345 39.9625 99.1987 83.0666 83.5815 96.1769 81.5843 92.2659 66.4077 67.0075 24.3311 94.7199 25.5539 71.1969 47.0686 53.4157 65.5041 108.907 53.4509 81.4923 22.3607 92.0 61.7414 0.0 63.5295 62.0081 38.2099 43.382 102.807 85.4914 
16.1245 28.6007 19.799 51.6299 22.8254 42.5551 29.8329 53.0848 46.0644 54.1295 31.8904 60.0883 39.8497 47.4342 63.169 63.0635 33.6155 48.0535 30.0939 29.2127 3.0 35.7144 71.021 56.5685 41.2311 22.561 47.8017 51.0555 48.7647 40.8044 42.0 26.8328 36.6742 55.9466 47.2025 51.1566 28.4164 24.7588 62.3248 54.1566 60.8276 56.7805 35.805 40.2389 49.1962 32.8938 27.7849 51.6236 23.2462 31.0161 60.2993 35.2278 58.9772 22.0227 23.0217 24.5967 24.0 45.4795 46.2709 18.0278 60.5608 46.8615 4.0 63.5295 0.0 29.6142 52.6118 38.0789 45.8058 29.3178 
29.0 12.53 17.0 31.0644 47.7074 32.0156 14.3178 25.632 69.5352 72.067 15.8114 85.9826 61.0823 18.3576 88.4081 62.0 56.1595 47.1699 41.1955 49.98 29.1548 26.0192 55.5428 72.6075 13.4536 37.5766 18.3848 74.2159 19.3132 27.4591 14.3178 24.7588 7.07107 33.2415 70.6733 66.2598 51.8872 16.9706 50.0 79.177 83.4103 35.609 55.0364 63.7096 76.2438 47.1699 23.4307 31.0483 50.2938 5.0 69.9852 38.2884 42.3792 14.4222 42.581 48.8262 51.0476 66.3099 20.2485 40.025 69.2762 30.0167 25.7099 62.0081 29.6142 0.0 69.3446 58.6953 69.2315 52.7886 
44.9275 76.315 69.5968 62.8955 32.1403 40.1298 78.02 79.9035 73.4303 3.16228 80.2506 36.6879 14.5602 87.1434 33.2415 37.2156 21.587 34.7851 28.1536 75.6637 55.5788 48.2876 59.4138 4.0 82.7948 74.0608 85.5752 83.8074 86.1188 90.9642 73.7546 78.5875 75.1188 70.3713 58.3095 4.12311 52.469 74.4199 51.9711 58.258 20.0998 66.1891 82.0366 54.9019 52.2015 83.0542 79.1202 99.3218 42.9535 73.3296 16.1245 87.8237 54.0833 70.7711 29.8329 30.1496 41.2311 87.3613 75.849 67.0298 17.8885 96.2751 53.3667 38.2099 52.6118 69.3446 0.0 15.0333 77.6939 59.6657 
31.4178 62.8052 55.9464 59.2597 17.1172 34.9398 64.5103 77.8869 61.1784 16.1245 66.7409 34.2345 3.16228 77.3544 33.8378 42.4853 7.2111 34.2345 21.9443 60.6712 41.0 43.0976 60.531 19.0263 71.9825 59.1354 76.9355 70.6058 77.7541 77.3886 67.5262 64.5136 65.3297 66.7354 46.0829 14.8661 37.4833 60.8358 52.2398 46.8615 25.4951 62.5903 67.082 42.65 40.4429 68.0294 65.192 86.3709 28.1603 61.9501 27.4591 73.1642 52.1152 57.2451 16.1245 15.1327 26.5707 72.7324 70.659 52.0096 28.6007 82.7647 39.2173 43.382 38.0789 58.6953 15.0333 0.0 64.2034 44.9222 
60.2566 62.0322 53.2353 94.9385 48.0513 85.6894 62.0 94.5946 5.09902 77.272 63.0317 60.1332 63.9069 84.0952 67.0298 102.005 57.2138 91.1777 72.6701 21.3776 43.5338 80.2222 114.828 81.2433 77.0584 34.1321 85.2115 6.40312 86.209 64.5368 83.1986 51.2445 75.9539 99.2551 21.0238 79.0669 30.6105 56.0089 106.294 26.6833 73.8241 100.089 20.5913 22.8473 29.0 30.4631 53.2353 77.8781 36.4052 68.469 91.3088 45.8803 104.351 56.2228 56.6392 49.7574 37.6517 14.7648 88.3732 29.2746 92.2156 71.0634 48.4976 102.807 45.8058 69.2315 77.6939 64.2034 0.0 21.4009 
