NAME  : Jabali_70_3_0.88_1_6
TYPE : SVRP
MODEL : FINITE_SUPPORT
NUMBER_OF_SCENARIOS : 200
DIMENSION : 70
EDGE_WEIGHT_TYPE : MATRIX
CAPACITY : 152
N_VEHICLES : 3
NODE_COORD_SECTION
1 4588 3822
2 7559 5256
3 7376 6348
4 3056 6380
5 1714 4644
6 3813 2082
7 5885 4431
8 6689 1065
9 3306 7183
10 6613 6104
11 8684 4803
12 5459 3173
13 3575 6472
14 2141 5832
15 4110 8235
16 3374 4454
17 5113 7074
18 6808 5774
19 4948 3994
20 4471 18
21 6363 7370
22 3389 3207
23 5408 4908
24 3180 2196
25 4843 5360
26 4851 4516
27 5806 8189
28 5457 8381
29 4589 6093
30 5035 4980
31 27 4406
32 6560 1013
33 5580 737
34 2835 5582
35 6502 5547
36 2849 4799
37 5274 1236
38 6644 6753
39 3622 5132
40 1317 4015
41 7670 6229
42 6375 3070
43 5351 4226
44 2113 3400
45 1953 4789
46 4077 6189
47 7251 3734
48 4116 4164
49 2938 1673
50 3917 3592
51 7426 4662
52 9476 4739
53 3897 3929
54 2566 6934
55 2740 4624
56 5538 3626
57 3134 2142
58 5283 6379
59 5324 1398
60 847 3430
61 2007 3664
62 4656 8154
63 3578 8082
64 6780 3444
65 5248 8659
66 758 4949
67 3823 3109
68 4163 2315
69 3735 2321
70 3260 6298
DEMAND_SECTION
1 0.0
2 8.0
3 4.0
4 4.0
5 3.0
6 6.0
7 1.0
8 7.0
9 8.0
10 4.0
11 1.0
12 6.0
13 4.0
14 3.0
15 6.0
16 10.0
17 5.0
18 9.0
19 6.0
20 5.0
21 7.0
22 2.0
23 10.0
24 3.0
25 5.0
26 2.0
27 8.0
28 10.0
29 1.0
30 8.0
31 9.0
32 7.0
33 6.0
34 7.0
35 1.0
36 5.0
37 10.0
38 4.0
39 10.0
40 2.0
41 1.0
42 4.0
43 5.0
44 1.0
45 9.0
46 6.0
47 10.0
48 1.0
49 1.0
50 9.0
51 6.0
52 8.0
53 10.0
54 9.0
55 6.0
56 5.0
57 1.0
58 7.0
59 4.0
60 4.0
61 10.0
62 1.0
63 8.0
64 10.0
65 10.0
66 9.0
67 8.0
68 1.0
69 10.0
70 9.0
DEVIATION_SECTION
1 0.0
2 2.66667
3 1.33333
4 1.33333
5 1.0
6 2.0
7 0.333333
8 2.33333
9 2.66667
10 1.33333
11 0.333333
12 2.0
13 1.33333
14 1.0
15 2.0
16 3.33333
17 1.66667
18 3.0
19 2.0
20 1.66667
21 2.33333
22 0.666667
23 3.33333
24 1.0
25 1.66667
26 0.666667
27 2.66667
28 3.33333
29 0.333333
30 2.66667
31 3.0
32 2.33333
33 2.0
34 2.33333
35 0.333333
36 1.66667
37 3.33333
38 1.33333
39 3.33333
40 0.666667
41 0.333333
42 1.33333
43 1.66667
44 0.333333
45 3.0
46 2.0
47 3.33333
48 0.333333
49 0.333333
50 3.0
51 2.0
52 2.66667
53 3.33333
54 3.0
55 2.0
56 1.66667
57 0.333333
58 2.33333
59 1.33333
60 1.33333
61 3.33333
62 0.333333
63 2.66667
64 3.33333
65 3.33333
66 3.0
67 2.66667
68 0.333333
69 3.33333
70 3.0
DISTANCE_MATRIX
0.0 43.6824 52.0517 40.8044 39.8121 27.2319 19.3132 47.128 49.8851 43.2996 57.1402 14.0357 39.8953 43.0465 61.1803 18.2483 44.1955 41.4197 5.38516 57.4546 56.3875 18.831 19.105 32.8724 19.7827 10.4403 61.6154 62.6007 30.5968 17.088 61.6117 48.0971 52.8416 34.0588 38.6262 26.4764 45.2264 48.152 22.1359 43.474 53.103 26.5707 11.7047 33.2143 37.6962 34.5897 36.2353 8.0 38.1984 9.83095 39.9625 67.424 8.94427 50.6952 26.9258 12.53 32.8724 35.3553 43.9098 49.8825 34.1506 59.2636 61.3002 30.5287 65.1469 53.6656 15.6798 25.0403 25.6843 39.2197 
43.6824 0.0 13.8924 61.7171 80.5759 63.353 25.0729 58.3095 62.6418 16.2788 17.0 39.0512 55.9464 72.5488 61.0 57.8511 40.1288 13.0 38.3577 80.604 31.4006 61.8855 32.7869 70.1459 39.9684 37.8782 44.9222 49.7293 41.5933 40.5084 103.817 58.8303 65.7875 63.5437 16.4012 65.2733 60.8769 23.0868 62.6537 86.4769 12.7279 32.28 32.2627 76.0844 77.885 48.3011 20.8087 48.4075 75.472 52.8855 7.81025 27.4591 51.4679 70.3847 66.4848 34.3657 70.1459 34.2053 59.6657 92.8669 77.0791 55.1453 65.2786 26.0 53.8516 94.2842 58.7343 58.1045 62.9578 59.4811 
52.0517 13.8924 0.0 55.809 77.5044 72.5638 33.4423 70.8025 55.4131 10.7703 27.0185 47.6547 49.6771 67.9703 49.4975 61.0045 35.4423 12.0 46.727 90.478 19.105 67.9853 38.1508 79.3568 36.3642 43.5663 31.5753 36.4966 36.1606 36.9043 100.178 71.4003 76.922 59.0457 17.0294 64.9088 71.3092 12.083 58.1557 89.6304 3.60555 43.4166 40.632 81.1035 74.3503 42.6428 33.9411 53.0601 84.6828 58.8961 21.4009 35.9026 55.4681 63.7563 69.6383 42.7493 79.3568 27.0542 70.0071 97.3281 81.5684 43.1045 54.5711 38.0132 40.6079 88.5604 64.8341 67.3153 72.1686 53.6036 
40.8044 61.7171 55.809 0.0 29.1548 57.5406 46.3897 87.8009 11.1803 46.3249 78.7147 54.1295 6.40312 14.5602 28.6356 25.807 29.1548 48.7647 41.5987 87.68 42.5281 44.0454 37.6563 62.9806 27.1662 36.0555 42.72 41.5933 20.1246 33.2415 49.2443 88.7694 84.1724 11.1803 45.6946 21.4009 76.5572 50.0641 18.6815 39.3192 59.2733 64.0703 43.0116 41.1461 26.3059 13.4164 67.897 33.2415 59.4223 38.9487 63.9211 89.0674 34.8855 10.0499 23.0217 50.3975 62.9806 29.0689 75.2407 49.366 39.0 32.0 24.1661 65.123 42.107 37.108 44.9444 55.9464 55.7925 2.23607 
39.8121 80.5759 77.5044 29.1548 0.0 44.1022 55.4437 82.2982 39.8121 67.5159 94.1191 53.4312 34.0147 16.5529 57.7062 22.8035 55.3173 74.6368 43.909 71.4703 69.8564 31.0161 50.5964 36.3456 49.7119 42.638 70.5762 70.1142 41.4941 47.1924 23.6008 83.2947 74.1687 19.105 71.0799 15.6205 67.0298 71.7595 28.3019 10.198 80.9687 66.3257 48.8262 17.0 3.16228 36.1386 75.4718 32.7567 40.1622 32.573 76.9147 104.544 30.8707 32.6956 14.1421 52.3259 36.3456 52.0794 66.0076 20.2237 13.8924 61.0737 52.6308 70.2353 71.0 13.8924 35.3553 46.0435 42.0119 30.0167 
27.2319 63.353 72.5638 57.5406 44.1022 0.0 44.4352 39.2938 67.3717 65.8888 72.6412 26.6516 57.3818 55.3638 82.7089 31.8154 67.4161 61.9318 32.0311 30.6105 79.6112 15.2039 43.6045 8.24621 43.0033 34.5539 85.0099 85.8213 54.0179 40.4272 60.1664 40.2616 30.0666 48.3508 59.1383 38.2764 23.0217 70.7411 40.0405 42.5793 73.6151 33.6649 38.0443 29.4279 43.4276 56.4085 47.7621 25.8338 11.6619 18.7828 57.3025 81.5999 23.0117 66.6918 37.6442 32.2901 8.24621 58.5877 22.0907 44.3847 32.249 82.6846 79.4033 40.4969 88.3675 56.1427 12.5963 5.38516 2.82843 56.4164 
19.3132 25.0729 33.4423 46.3897 55.4437 44.4352 0.0 48.0104 51.1566 26.9152 38.6161 18.3848 42.0119 54.2719 56.6947 32.6497 37.7865 22.8102 13.9284 62.4621 43.6344 37.1868 9.05539 51.2282 19.2354 12.8062 58.0439 62.3916 28.1603 13.1529 78.5175 48.8262 50.6063 44.5054 20.0168 40.2244 44.1022 35.3965 30.701 60.8769 34.4936 20.1246 7.61577 51.3825 52.8015 34.0 21.587 23.4307 56.5543 28.1868 21.4117 49.0413 26.6271 56.2228 41.4005 12.6491 51.2282 28.6815 42.72 68.0074 52.2015 53.6815 58.2416 19.105 66.4162 69.2026 34.0356 39.1868 44.0401 44.2832 
47.128 58.3095 70.8025 87.8009 82.2982 39.2938 48.0104 0.0 95.5858 65.7647 59.9083 33.8378 85.5872 89.3588 103.832 64.3817 84.9685 61.5549 46.4866 32.2025 82.4932 51.3517 56.0803 47.5395 63.1585 52.9245 96.9027 101.25 73.8241 58.1378 99.4585 1.0 14.4222 80.906 58.8756 72.1734 17.4929 74.2496 69.1231 81.7863 70.7248 28.3196 46.9574 68.6586 81.0987 78.1908 37.5899 55.0588 48.3322 51.0882 50.6063 65.3758 54.3323 97.7496 72.0625 38.4838 47.5395 75.8635 17.8885 83.4865 71.3863 100.863 104.695 32.8024 105.275 95.0669 47.0425 36.3456 40.7922 86.1649 
49.8851 62.6418 55.4131 11.1803 39.8121 67.3717 51.1566 95.5858 0.0 46.4866 79.3788 61.8282 10.2956 24.0208 18.0278 36.0694 25.0 49.7293 49.4067 97.511 37.2377 54.4518 42.107 72.8117 32.7567 42.72 35.3553 33.2415 23.0217 38.4708 58.3095 96.518 93.5147 22.3607 47.676 32.45 85.8995 49.6682 27.7534 50.01 58.8774 70.214 49.2443 52.3259 37.108 17.4642 72.0069 42.4688 70.4559 48.6203 66.0984 89.3214 44.4482 10.2956 34.1321 57.28 72.8117 28.4605 84.5829 60.0167 50.1597 22.561 13.0 70.2567 32.9848 46.1736 54.8184 65.5343 65.6236 11.4018 
43.2996 16.2788 10.7703 46.3249 67.5159 65.8888 26.9152 65.7647 46.4866 0.0 32.8938 41.1277 40.3113 58.0517 45.2099 50.5071 24.0 4.47214 40.2 84.0636 17.0 57.4878 27.6534 71.5292 25.8668 33.0688 31.3847 35.7771 26.4008 26.4068 90.19 66.468 70.5831 49.0572 7.61577 57.9293 64.7996 8.60233 48.1672 79.133 13.8924 37.5366 34.105 70.6061 64.3619 33.0151 31.305 42.5626 76.8553 48.3986 21.2132 42.9535 46.4401 54.5619 59.1408 36.2222 71.5292 18.0278 63.4897 86.8306 71.071 39.6589 49.0918 33.4215 39.8121 78.5719 54.3367 60.7883 64.3411 44.1022 
57.1402 17.0 27.0185 78.7147 94.1191 72.6412 38.6161 59.9083 79.3788 32.8938 0.0 49.98 72.9178 89.5201 76.4199 71.3942 62.018 29.9666 51.8652 87.0057 46.0977 75.426 46.33 79.4342 56.9397 51.4214 58.2151 63.1981 58.5918 51.0543 117.36 60.1664 70.3491 80.515 33.2866 78.8164 67.0 38.4708 79.625 99.428 24.0208 39.4588 45.8058 89.7501 91.4282 65.2993 25.1794 61.9507 84.7602 66.426 17.2047 10.6301 65.0111 87.3212 80.028 46.5188 79.4342 50.9215 66.0076 106.41 90.6222 70.1142 81.2158 32.3883 67.2681 107.827 72.2748 67.3927 72.2461 76.4788 
14.0357 39.0512 47.6547 54.1295 53.4312 26.6516 18.3848 33.8378 61.8282 41.1277 49.98 0.0 51.8296 57.0789 70.7248 32.249 52.4066 37.0227 12.6491 44.6784 64.1941 33.6978 24.0832 33.4445 29.5296 19.2354 70.2334 71.0448 40.3113 25.0 82.8884 34.7851 33.2415 48.0104 34.2293 40.4475 26.4031 49.6089 35.5106 64.5839 48.706 13.6015 14.1421 53.9738 51.3696 44.4332 26.0768 22.0227 38.3092 23.4165 33.7343 59.5063 22.5788 64.1327 40.7922 5.83095 33.4445 43.3017 25.0042 70.642 54.929 68.2495 71.1196 19.2094 73.5909 67.2704 28.3348 21.4031 26.2564 52.4758 
39.8953 55.9464 49.6771 6.40312 34.0147 57.3818 42.0119 85.5872 10.2956 40.3113 72.9178 51.8296 0.0 20.6155 25.0799 26.2488 22.8254 42.9535 39.4082 87.5212 36.3646 44.6032 33.0606 62.8219 23.0868 32.7567 36.8782 36.1248 14.5602 29.0172 55.0818 86.5194 83.5249 15.0333 40.1622 23.7697 75.9097 43.9322 17.7635 44.0114 53.1414 60.531 39.4588 44.2719 31.0 8.06226 63.2851 32.479 61.4925 38.6304 58.5235 83.1865 34.4584 14.5602 25.632 47.2969 62.8219 22.8035 74.5931 54.037 42.45 27.2947 22.0227 61.0082 37.0135 43.0116 44.8285 55.5445 55.6338 4.47214 
43.0465 72.5488 67.9703 14.5602 16.5529 55.3638 54.2719 89.3588 24.0208 58.0517 89.5201 57.0789 20.6155 0.0 42.0476 25.02 43.382 59.8396 45.5412 83.7289 56.9738 40.4969 46.8996 47.7367 36.1591 41.7612 57.28 56.0892 31.8277 42.2088 34.7131 90.3549 83.4326 9.84886 56.2952 17.2627 75.9276 62.2254 23.7697 26.5707 71.4346 68.884 48.7647 31.8277 14.4222 25.6125 75.318 35.0571 53.0 38.3275 74.4805 100.006 35.0571 16.1555 17.72 54.5894 47.7367 42.0119 74.7329 36.4005 29.0689 46.1736 36.4966 71.3092 56.4358 22.561 43.1741 54.5711 53.6157 16.1555 
61.1803 61.0 49.4975 28.6356 57.7062 82.7089 56.6947 103.832 18.0278 45.2099 76.4199 70.7248 25.0799 42.0476 0.0 51.0294 21.2132 49.2556 58.6003 114.624 30.4138 69.3836 47.862 88.1489 41.4005 51.614 22.2036 18.3848 30.6105 45.793 76.1643 104.709 103.974 39.5601 49.0306 48.8467 97.1038 38.0526 42.544 67.897 52.7731 76.6396 56.9386 69.2892 54.9181 28.4253 74.9533 60.4403 86.5276 63.4109 66.2771 85.3288 59.2389 27.2947 50.6952 65.5134 88.1489 29.4109 95.7049 77.9295 67.3573 7.2111 7.2111 75.2049 16.6433 64.0703 69.609 82.2094 80.9608 28.1603 
18.2483 57.8511 61.0045 25.807 22.8035 31.8154 32.6497 64.3817 36.0694 50.5071 71.3942 32.249 26.2488 25.02 51.0294 0.0 44.4884 51.912 21.5407 61.9547 58.9932 18.3848 27.8716 37.2554 26.9871 19.8494 60.0759 60.1339 30.6309 24.4675 45.9674 65.3758 59.1354 16.7631 48.3551 8.24621 51.5461 55.3595 10.4403 28.8444 64.3254 44.643 26.0768 22.2036 20.2485 25.2756 52.8394 10.4403 37.0574 13.6015 54.0613 81.8194 10.0499 34.8855 8.94427 30.3645 37.2554 41.2162 50.2892 37.1618 21.8403 52.4695 48.2704 47.927 61.5827 36.6197 19.2354 30.4631 30.0673 24.8395 
44.1955 40.1288 35.4423 29.1548 55.3173 67.4161 37.7865 84.9685 25.0 24.0 62.018 52.4066 22.8254 43.382 21.2132 44.4884 0.0 28.0713 41.2311 97.6388 17.0547 59.0151 28.9538 73.0566 25.0599 34.2053 18.1623 18.9737 16.2788 27.6586 77.4919 85.8358 85.6332 36.4005 27.8927 42.7561 78.8038 23.5584 36.0031 64.7765 38.8974 57.9992 38.3143 63.3617 52.1728 19.2354 53.8516 43.4555 78.3826 50.0151 45.0999 71.3165 47.333 34.6554 44.7217 46.9079 73.0566 9.21954 77.4049 74.629 61.8247 16.5787 25.1794 54.3249 21.5198 65.5515 55.3758 65.2245 65.8685 27.2947 
41.4197 13.0 12.0 48.7647 74.6368 61.9318 22.8102 61.5549 49.7293 4.47214 29.9666 37.0227 42.9535 59.8396 49.2556 51.912 28.0713 0.0 36.095 79.846 21.4709 59.6228 29.0582 68.7247 27.2716 34.4737 35.8469 40.2492 28.6531 27.8117 97.8778 62.2415 66.4782 50.8345 5.09902 59.3342 60.6946 13.0384 49.9445 80.5378 14.3178 33.4215 30.0 72.011 71.9459 35.3553 26.8328 42.4042 74.0508 49.9857 17.0294 40.3113 46.3755 57.3847 60.5457 32.1172 68.7247 21.3776 59.3847 88.2355 72.4759 44.1123 53.0094 29.0689 44.2832 80.3492 56.4716 56.6833 61.5366 46.5296 
5.38516 38.3577 46.727 41.5987 43.909 32.0311 13.9284 46.4866 49.4067 40.2 51.8652 12.6491 39.4082 45.5412 58.6003 21.5407 41.2311 36.095 0.0 57.0636 53.096 23.6301 14.5602 37.6716 17.2047 7.07107 59.1353 59.9467 28.0179 13.6015 66.2193 47.4342 45.6584 36.1248 33.3016 29.7321 38.7883 44.8605 23.0868 48.1664 47.7784 23.3452 6.32456 38.0132 41.5933 32.0117 31.6228 11.1803 42.9976 14.6301 34.6699 62.2013 13.4536 51.6236 30.4631 9.05539 37.6716 32.2025 37.3894 54.6717 38.9487 56.5862 58.7222 26.4008 62.2893 57.8014 20.479 29.8395 30.4834 39.9446 
57.4546 80.604 90.478 87.68 71.4703 30.6105 62.4621 32.2025 97.511 84.0636 87.0057 44.6784 87.5212 83.7289 114.624 61.9547 97.6388 79.846 57.0636 0.0 100.783 45.3432 68.6891 36.2353 73.226 63.8292 114.906 115.717 84.0401 69.676 82.0549 32.6497 18.0278 78.4901 77.1652 68.4158 20.025 92.5449 70.1783 67.082 91.4822 48.5077 58.7936 54.8179 71.5122 86.4894 62.1289 55.8663 31.3209 48.9183 73.8241 94.2603 53.1507 96.8312 67.1658 50.3169 36.2353 87.9742 21.095 65.0308 57.9741 112.707 109.484 55.3263 118.59 81.3941 42.7356 32.5576 33.4215 86.5558 
56.3875 31.4006 19.105 42.5281 69.8564 79.6112 43.6344 82.4932 37.2377 17.0 46.0977 64.1941 36.3646 56.9738 30.4138 58.9932 17.0547 21.4709 53.096 100.783 0.0 71.2103 40.7413 85.2517 38.5906 46.1568 14.4222 18.7883 31.9202 39.4948 91.3844 83.2056 87.3023 50.5667 23.8924 57.2608 81.5188 8.544 50.5078 79.3001 22.3607 54.2632 50.1018 77.8664 66.7024 33.8924 48.3011 55.6506 90.5777 62.2103 37.6431 54.9181 59.5281 47.1941 59.2265 58.6953 85.2517 26.099 80.2088 89.1337 76.3295 24.0208 35.7351 50.293 22.8473 79.3524 68.0591 77.4196 78.0636 40.8183 
18.831 61.8855 67.9853 44.0454 31.0161 15.2039 37.1868 51.3517 54.4518 57.4878 75.426 33.6978 44.6032 40.4969 69.3836 18.3848 59.0151 59.6228 23.6301 45.3432 71.2103 0.0 35.2036 20.6439 34.6023 26.1529 76.609 77.4204 45.4165 32.0156 50.1205 52.345 43.4422 34.1321 56.8293 23.7065 36.1248 62.1157 28.0179 31.7647 71.3061 40.7111 29.6433 20.9859 30.0666 43.6298 55.0119 16.2788 25.97 9.0 58.2217 85.8011 12.3693 52.6972 22.8473 31.3576 20.6439 50.1868 35.0571 37.6541 21.9411 70.8237 66.6246 47.5431 79.9665 43.8221 5.65685 15.0333 13.4558 43.1856 
19.105 32.7869 38.1508 37.6563 50.5964 43.6045 9.05539 56.0803 42.107 27.6534 46.33 24.0832 33.0606 46.8996 47.862 27.8716 28.9538 29.0582 14.5602 68.6891 40.7413 35.2036 0.0 49.245 10.7703 9.05539 46.7806 47.592 19.105 5.0 73.8374 56.9386 57.28 37.8945 25.5013 35.2938 50.4138 32.5057 25.7657 56.4975 41.4716 28.7924 10.0 47.9706 47.9056 25.02 30.2655 19.9249 54.5711 26.1725 29.1256 56.7552 23.7697 47.3814 36.5053 18.3848 49.245 19.8489 49.0149 64.1952 48.4355 44.8489 49.3356 28.1603 50.1381 64.3047 32.0525 41.413 42.0569 35.5106 
32.8724 70.1459 79.3568 62.9806 36.3456 8.24621 51.2282 47.5395 72.8117 71.5292 79.4342 33.4445 62.8219 47.7367 88.1489 37.2554 73.0566 68.7247 37.6716 36.2353 85.2517 20.6439 49.245 0.0 48.6437 40.1944 90.6504 91.4618 59.4579 46.0677 51.923 48.5077 38.0 43.2151 70.8707 32.72 31.1448 76.3816 45.4805 34.3657 80.4081 40.4578 43.6847 21.2132 35.9026 61.8485 54.555 31.2739 8.24621 24.2228 64.0954 88.3929 28.4518 61.5835 31.1737 39.083 0.0 64.2282 30.2655 36.2491 24.0832 88.1247 84.8433 47.2899 94.008 48.0416 18.0363 12.2066 7.2111 61.8564 
19.7827 39.9684 36.3642 27.1662 49.7119 43.0033 19.2354 63.1585 32.7567 25.8668 56.9397 29.5296 23.0868 36.1591 41.4005 26.9871 25.0599 27.2716 17.2047 73.226 38.5906 34.6023 10.7703 48.6437 0.0 10.2956 42.4591 43.2704 10.8167 6.08276 72.9529 64.0781 62.717 27.154 23.7147 34.4093 55.8469 30.355 26.264 55.613 39.685 37.4833 16.4924 47.0861 47.0211 15.2971 40.7922 19.0426 53.9698 25.6023 39.8503 67.4255 22.9201 37.054 35.6208 24.6982 48.6437 16.7631 54.448 63.3106 47.551 39.6232 41.5933 38.0132 45.8166 63.4202 31.4512 40.8117 41.4556 25.0799 
10.4403 37.8782 43.5663 36.0555 42.638 34.5539 12.8062 52.9245 42.72 33.0688 51.4214 19.2354 32.7567 41.7612 51.614 19.8494 34.2053 34.4737 7.07107 63.8292 46.1568 26.1529 9.05539 40.1944 10.2956 0.0 52.196 52.6896 21.095 6.7082 65.7647 53.8516 52.4239 32.0156 30.9168 27.4591 45.5539 37.9212 18.2483 48.2701 46.8871 28.0179 7.07107 39.3573 40.0 25.2982 33.6155 11.1803 45.5204 17.1172 34.217 61.8466 14.8661 46.0977 28.6007 14.5602 40.1944 25.2389 44.1549 55.7584 39.9625 49.5177 51.8845 29.6142 55.2357 56.4004 23.0018 32.3623 33.0062 34.1321 
61.6154 44.9222 31.5753 42.72 70.5762 85.0099 58.0439 96.9027 35.3553 31.3847 58.2151 70.2334 36.8782 57.28 22.2036 60.0759 18.1623 35.8469 59.1353 114.906 14.4222 76.609 46.7806 90.6504 42.4591 52.196 0.0 5.0 33.0278 45.534 91.9239 97.6151 103.46 51.4782 38.3019 58.3435 96.3287 22.8254 51.5905 80.3057 34.2345 68.6727 56.1411 78.9491 67.4759 35.0 62.6498 61.0493 95.9765 67.609 51.6236 66.0303 64.9268 45.6508 60.3092 64.7346 90.6504 27.2066 95.2317 90.1998 77.4122 15.0 29.0689 64.7025 9.05539 79.8123 73.4578 82.8184 83.4623 41.2311 
62.6007 49.7293 36.4966 41.5933 70.1142 85.8213 62.3916 101.25 33.2415 35.7771 63.1981 71.0448 36.1248 56.0892 18.3848 60.1339 18.9737 40.2492 59.9467 115.717 18.7883 77.4204 47.592 91.4618 43.2704 52.6896 5.0 0.0 33.8391 46.3454 90.802 101.963 104.271 51.0392 42.6497 58.4016 97.442 27.313 51.6485 80.025 39.2046 73.0205 56.9525 79.0072 67.0671 35.3553 67.082 61.8607 96.7879 68.4204 56.3028 71.0282 65.7382 43.4626 60.3672 65.546 91.4618 28.0179 96.043 90.0056 77.4702 11.4018 25.4951 69.0502 4.12311 78.6448 73.7811 83.6297 84.2737 40.3113 
30.5968 41.5933 36.1606 20.1246 41.4941 54.0179 28.1603 73.8241 23.0217 26.4008 58.5918 40.3113 14.5602 31.8277 30.6105 30.6309 16.2788 28.6531 28.0179 84.0401 31.9202 45.4165 19.105 59.4579 10.8167 21.095 33.0278 33.8391 0.0 15.8114 64.1683 74.7329 73.5177 23.0217 25.632 28.8985 66.6476 30.4157 22.1455 50.9378 39.6249 47.5395 26.9258 49.5041 38.3401 6.7082 49.0408 29.8568 64.784 36.4165 43.9659 68.9638 33.7343 29.1204 30.8641 35.3412 59.4579 10.7703 65.2487 60.7714 47.9672 29.2062 30.8707 47.2652 36.2491 52.5502 41.7772 51.6259 52.2698 17.8885 
17.088 40.5084 36.9043 33.2415 47.1924 40.4272 13.1529 58.1378 38.4708 26.4068 51.0543 25.0 29.0172 42.2088 45.793 24.4675 27.6586 27.8117 13.6015 69.676 39.4948 32.0156 5.0 46.0677 6.08276 6.7082 45.534 46.3454 15.8114 0.0 70.4334 59.0339 58.2707 33.2037 24.2548 31.8897 51.4006 31.2592 22.3616 53.0934 40.2251 31.7805 11.1803 44.5665 44.5015 21.095 34.7131 16.5231 51.3938 23.0217 33.8499 61.4795 20.4006 43.1045 33.1013 19.7231 46.0677 18.6011 50.0017 60.7911 45.0314 43.2782 46.6154 32.0 48.7714 60.9006 28.8752 38.2357 38.8796 31.1448 
61.6117 103.817 100.178 49.2443 23.6008 60.1664 78.5175 99.4585 58.3095 90.19 117.36 82.8884 55.0818 34.7131 76.1643 45.9674 77.4919 97.8778 66.2193 82.0549 91.3844 50.1205 73.8374 51.923 72.9529 65.7647 91.9239 90.802 64.1683 70.4334 0.0 100.424 89.1067 41.2311 94.3209 39.2046 82.7647 94.4336 51.8652 18.3576 103.643 88.1142 71.5891 31.0161 26.6271 58.6941 97.8008 55.3173 52.345 53.535 99.9149 127.785 52.8015 49.0102 37.6431 74.1608 51.923 74.7536 82.0 17.0294 28.6356 80.7527 70.0071 92.1625 91.0824 12.1655 54.8419 63.6888 58.8218 50.6952 
48.0971 58.8303 71.4003 88.7694 83.2947 40.2616 48.8262 1.0 96.518 66.468 60.1664 34.7851 86.5194 90.3549 104.709 65.3758 85.8358 62.2415 47.4342 32.6497 83.2056 52.345 56.9386 48.5077 64.0781 53.8516 97.6151 101.963 74.7329 59.0339 100.424 0.0 15.0 81.8969 59.588 73.171 18.3576 74.9667 70.0928 82.7647 71.2811 29.0689 47.8539 69.6348 82.0975 79.1202 38.0789 56.0279 49.2443 52.0865 51.1077 65.4905 55.3263 98.7187 73.0616 39.3954 48.5077 76.7308 18.7883 84.4334 72.3671 101.731 105.603 33.4215 105.987 96.0515 48.0416 37.3363 41.7732 87.1315 
52.8416 65.7875 76.922 84.1724 74.1687 30.0666 50.6063 14.4222 93.5147 70.5831 70.3491 33.2415 83.5249 83.4326 103.974 59.1354 85.6332 66.4782 45.6584 18.0278 87.3023 43.4422 57.28 38.0 62.717 52.4239 103.46 104.271 73.5177 58.2707 89.1067 15.0 0.0 75.8947 63.6847 66.2193 7.61577 79.0644 65.8786 72.1734 77.4726 33.6155 47.3814 59.0762 73.4751 77.5741 46.0977 51.2533 36.8782 45.5412 58.5235 77.0065 49.3964 93.7763 65.7343 38.8973 38.0 76.5282 8.94427 72.5672 62.0322 101.523 104.285 39.8497 106.817 86.0233 40.2616 28.8617 32.249 82.7877 
34.0588 63.5437 59.0457 11.1803 19.105 48.3508 44.5054 80.906 22.3607 49.0572 80.515 48.0104 15.0333 9.84886 39.5601 16.7631 36.4005 50.8345 36.1248 78.4901 50.5667 34.1321 37.8945 43.2151 27.154 32.0156 51.4782 51.0392 23.0217 33.2037 41.2311 81.8969 75.8947 0.0 47.2901 10.6301 68.3081 53.1647 13.9284 29.0 62.51 59.4138 39.0512 29.9666 16.0312 17.4642 65.5515 26.0768 48.5168 30.3645 65.4754 91.0009 26.6833 18.6011 12.0416 45.1774 43.2151 33.6155 67.0522 39.0128 27.8568 42.2966 35.3412 61.6117 52.0384 29.5296 35.8469 47.1699 46.6027 11.4018 
38.6262 16.4012 17.0294 45.6946 71.0799 59.1383 20.0168 58.8756 47.676 7.61577 33.2866 34.2293 40.1622 56.2952 49.0306 48.3551 27.8927 5.09902 33.3016 77.1652 23.8924 56.8293 25.5013 70.8707 23.7147 30.9168 38.3019 42.6497 25.632 24.2548 94.3209 59.588 63.6847 47.2901 0.0 55.7773 57.9012 15.6205 46.4001 76.9809 19.4165 30.6456 27.2066 68.4541 68.389 32.311 25.9615 38.8473 76.1968 47.1923 18.4391 43.8292 42.8186 54.7083 56.9888 29.3238 70.8707 20.025 56.5912 84.6786 68.919 44.4648 52.1536 26.9258 46.6742 84.7882 53.6782 53.8899 63.6826 43.4626 
26.4764 65.2733 64.9088 21.4009 15.6205 38.2764 40.2244 72.1734 32.45 57.9293 78.8164 40.4475 23.7697 17.2627 48.8467 8.24621 42.7561 59.3342 29.7321 68.4158 57.2608 23.7065 35.2938 32.72 34.4093 27.4591 58.3435 58.4016 28.8985 31.8897 39.2046 73.171 66.2193 10.6301 55.7773 0.0 58.6941 59.1639 13.0 23.4094 71.7476 52.8867 34.0 20.6155 12.7279 23.5433 60.8276 18.6815 38.0217 21.095 61.612 89.2416 18.0278 29.2062 2.0 38.6005 32.72 39.4838 57.4891 32.7567 19.105 50.6952 45.2769 56.0803 59.8504 29.0689 25.9615 37.3631 36.5283 21.095 
45.2264 60.8769 71.3092 76.5572 67.0298 23.0217 44.1022 17.4929 85.8995 64.7996 67.0 26.4031 75.9097 75.9276 97.1038 51.5461 78.8038 60.6946 38.7883 20.025 81.5188 36.1248 50.4138 31.1448 55.8469 45.5539 96.3287 97.442 66.6476 51.4006 82.7647 18.3576 7.61577 68.3081 57.9012 58.6941 0.0 73.2809 58.2634 65.4905 72.111 28.6356 40.5183 52.345 66.1902 74.9363 42.107 43.6381 31.0161 37.9473 53.9351 74.4312 41.7852 86.1626 58.2495 32.0156 31.1448 69.6989 1.41421 66.4831 55.2268 94.6525 97.4145 35.3553 99.9881 79.1581 32.7567 21.3776 25.02 75.1725 
48.152 23.0868 12.083 50.0641 71.7595 70.7411 35.3965 74.2496 49.6682 8.60233 38.4708 49.6089 43.9322 62.2254 38.0526 55.3595 23.5584 13.0384 44.8605 92.5449 8.544 62.1157 32.5057 76.3816 30.355 37.9212 22.8254 27.313 30.4157 31.2592 94.4336 74.9667 79.0644 53.1647 15.6205 59.1639 73.2809 0.0 52.4108 81.2031 15.6525 46.0253 41.8662 75.4584 68.6054 36.8979 39.8246 47.415 81.7077 53.251 29.1204 47.8017 51.2925 58.0114 61.1295 44.7035 76.3816 21.3093 71.9709 91.0367 75.9234 32.0624 42.7551 42.0119 31.3847 82.8155 59.189 69.2696 69.1935 47.8587 
22.1359 62.6537 58.1557 18.6815 28.3019 40.0405 30.701 69.1231 27.7534 48.1672 79.625 35.5106 17.7635 23.7697 42.544 10.4403 36.0031 49.9445 23.0868 70.1783 50.5078 28.0179 25.7657 45.4805 26.264 18.2483 51.5905 51.6485 22.1455 22.3616 51.8652 70.0928 65.8786 13.9284 46.4001 13.0 58.2634 52.4108 0.0 36.4005 61.62 46.0435 25.318 32.0 25.2389 16.7902 51.7471 14.7648 47.3528 21.2603 52.0839 90.1109 17.0294 28.6356 14.8661 32.0156 45.4805 32.7308 56.9468 45.607 31.1448 43.9841 39.785 47.8541 53.0973 41.1096 27.5862 38.0132 38.2924 17.088 
43.474 86.4769 89.6304 39.3192 10.198 42.5793 60.8769 81.7863 50.01 79.133 99.428 64.5839 44.0114 26.5707 67.897 28.8444 64.7765 80.5378 48.1664 67.082 79.3001 31.7647 56.4975 34.3657 55.613 48.2701 80.3057 80.025 50.9378 53.0934 18.3576 82.7647 72.1734 29.0 76.9809 23.4094 65.4905 81.2031 36.4005 0.0 92.9512 69.954 53.7401 13.1529 13.0384 45.5412 79.6492 37.4833 36.1248 35.2278 82.2236 109.853 34.7131 42.72 21.5407 56.0006 34.3657 61.5231 64.6297 10.0499 10.4403 71.1758 62.8172 74.0024 81.0247 14.3178 36.4861 45.8074 41.0 40.1123 
53.103 12.7279 3.60555 59.2733 80.9687 73.6151 34.4936 70.7248 58.8774 13.8924 24.0208 48.706 53.1414 71.4346 52.7731 64.3254 38.8974 14.3178 47.7784 91.4822 22.3607 71.3061 41.4716 80.4081 39.685 46.8871 34.2345 39.2046 39.6249 40.2251 103.643 71.2811 77.4726 62.51 19.4165 71.7476 72.111 15.6525 61.62 92.9512 0.0 43.8634 41.6833 84.4244 77.8146 46.1071 33.4215 54.8176 85.7341 61.669 20.5183 32.5576 58.7889 67.2206 72.9591 43.8006 80.4081 30.5185 70.8378 100.649 84.8893 46.2709 57.9741 38.0789 43.2897 92.0247 68.155 68.3667 73.22 57.068 
26.5707 32.28 43.4166 64.0703 66.3257 33.6649 20.1246 28.3196 70.214 37.5366 39.4588 13.6015 60.531 68.884 76.6396 44.643 57.9992 33.4215 23.3452 48.5077 54.2632 40.7111 28.7924 40.4578 37.4833 28.0179 68.6727 73.0205 47.5395 31.7805 88.1142 29.0689 33.6155 59.4138 30.6456 52.8867 28.6356 46.0253 46.0435 69.954 43.8634 0.0 21.095 59.6943 64.2573 52.7731 14.3178 34.2053 45.3225 36.311 25.318 48.0833 35.4683 74.108 53.4509 14.3178 40.4578 48.6264 27.4591 76.3626 60.6496 73.6264 78.1089 7.07107 77.045 80.1649 35.3481 28.4164 33.2697 62.1289 
11.7047 32.2627 40.632 43.0116 48.8262 38.0443 7.61577 46.9574 49.2443 34.105 45.8058 14.1421 39.4588 48.7647 56.9386 26.0768 38.3143 30.0 6.32456 58.7936 50.1018 29.6433 10.0 43.6847 16.4924 7.07107 56.1411 56.9525 26.9258 11.1803 71.5891 47.8539 47.3814 39.0512 27.2066 34.0 40.5183 41.8662 25.318 53.7401 41.6833 21.095 0.0 43.9443 46.3249 31.7805 26.8328 16.2788 49.0108 20.6433 28.6015 56.2228 19.2094 53.0377 34.9857 8.60233 43.6847 29.2094 39.1194 60.6053 44.8219 54.2033 57.7754 22.561 59.4986 62.6817 26.4922 35.5183 36.4966 41.0488 
33.2143 76.0844 81.1035 41.1461 17.0 29.4279 51.3825 68.6586 52.3259 70.6061 89.7501 53.9738 44.2719 31.8277 69.2892 22.2036 63.3617 72.011 38.0132 54.8179 77.8664 20.9859 47.9706 21.2132 47.0861 39.3573 78.9491 79.0072 49.5041 44.5665 31.0161 69.6348 59.0762 29.9666 68.4541 20.6155 52.345 75.4584 32.0 13.1529 84.4244 59.6943 43.9443 0.0 17.8045 44.1489 69.3953 28.178 23.5372 24.5648 72.5457 100.158 24.6982 47.2017 18.6815 45.7409 21.2132 60.0894 51.4782 16.9706 3.16228 71.3092 65.307 63.7427 80.456 27.0185 25.7073 32.726 27.8927 41.2311 
37.6962 77.885 74.3503 26.3059 3.16228 43.4276 52.8015 81.0987 37.108 64.3619 91.4282 51.3696 31.0 14.4222 54.9181 20.2485 52.1728 71.9459 41.5933 71.5122 66.7024 30.0666 47.9056 35.9026 47.0211 40.0 67.4759 67.0671 38.3401 44.5015 26.6271 82.0975 73.4751 16.0312 68.389 12.7279 66.1902 68.6054 25.2389 13.0384 77.8146 64.2573 46.3249 17.8045 0.0 32.9848 73.0616 30.4138 40.3113 30.8058 74.2238 101.853 28.7924 30.4138 11.4018 50.1597 35.9026 48.9254 65.123 23.0868 14.8661 58.1378 50.0 67.9779 68.0074 16.4012 34.0588 45.0111 43.5212 27.074 
34.5897 48.3011 42.6428 13.4164 36.1386 56.4085 34.0 78.1908 17.4642 33.0151 65.2993 44.4332 8.06226 25.6125 28.4253 25.2756 19.2354 35.3553 32.0117 86.4894 33.8924 43.6298 25.02 61.8485 15.2971 25.2982 35.0 35.3553 6.7082 21.095 58.6941 79.1202 77.5741 17.4642 32.311 23.5433 74.9363 36.8979 16.7902 45.5412 46.1071 52.7731 31.7805 44.1489 32.9848 0.0 55.2268 31.5056 67.1746 37.6571 50.5964 75.6637 33.4851 22.561 25.5089 39.8497 61.8485 16.4012 69.3052 55.4161 42.6119 28.6356 27.2029 53.0377 37.108 46.9574 43.8552 54.7503 54.6604 11.1803 
36.2353 20.8087 33.9411 67.897 75.4718 47.7621 21.587 37.5899 72.0069 31.305 25.1794 26.0768 63.2851 75.318 74.9533 52.8394 53.8516 26.8328 31.6228 62.1289 48.3011 55.0119 30.2655 54.555 40.7922 33.6155 62.6498 67.082 49.0408 34.7131 97.8008 38.0789 46.0977 65.5515 25.9615 60.8276 42.107 39.8246 51.7471 79.6492 33.4215 14.3178 26.8328 69.3953 73.0616 55.2268 0.0 42.72 59.4197 46.0119 13.0384 33.8378 45.0 77.6466 61.7738 24.0416 54.555 45.7056 41.0488 86.0635 70.3315 70.4252 77.7817 7.28011 71.1126 89.3588 51.8608 42.5136 47.3669 65.7647 
8.0 48.4075 53.0601 33.2415 32.7567 25.8338 23.4307 55.0588 42.4688 42.5626 61.9507 22.0227 32.479 35.0571 60.4403 10.4403 43.4555 42.4042 11.1803 55.8663 55.6506 16.2788 19.9249 31.2739 19.0426 11.1803 61.0493 61.8607 29.8568 16.5231 55.3173 56.0279 51.2533 26.0768 38.8473 18.6815 43.6381 47.415 14.7648 37.4833 54.8176 34.2053 16.2788 28.178 30.4138 31.5056 42.72 0.0 36.6 7.61577 44.7463 72.3759 4.0 43.0116 19.3132 19.9249 31.2739 34.6271 42.3215 44.6542 28.8444 58.5236 54.5004 37.5766 64.4069 46.6476 13.8924 23.452 24.0858 31.7805 
38.1984 75.472 84.6828 59.4223 40.1622 11.6619 56.5543 48.3322 70.4559 76.8553 84.7602 38.3092 61.4925 53.0 86.5276 37.0574 78.3826 74.0508 42.9976 31.3209 90.5777 25.97 54.5711 8.24621 53.9698 45.5204 95.9765 96.7879 64.784 51.3938 52.345 49.2443 36.8782 48.5168 76.1968 38.0217 31.0161 81.7077 47.3528 36.1248 85.7341 45.3225 49.0108 23.5372 40.3113 67.1746 59.4197 36.6 0.0 29.5489 69.4215 93.2576 33.7778 66.8852 36.4754 44.4091 8.24621 69.5543 30.4631 35.6931 26.6833 93.4507 83.2297 52.1546 99.334 50.3587 23.3624 17.0 12.6491 59.0772 
9.83095 52.8855 58.8961 38.9487 32.573 18.7828 28.1868 51.0882 48.6203 48.3986 66.426 23.4165 38.6304 38.3275 63.4109 13.6015 50.0151 49.9857 14.6301 48.9183 62.2103 9.0 26.1725 24.2228 25.6023 17.1172 67.609 68.4204 36.4165 23.0217 53.535 52.0865 45.5412 30.3645 47.1923 21.095 37.9473 53.251 21.2603 35.2278 61.669 36.311 20.6433 24.5648 30.8058 37.6571 46.0119 7.61577 29.5489 0.0 49.2217 76.8011 4.24264 48.3322 21.0 22.3576 24.2228 41.1868 36.6879 41.233 25.4951 65.0833 60.6519 40.3593 70.9665 46.2385 6.40312 17.0 17.0347 37.7359 
39.9625 7.81025 21.4009 63.9211 76.9147 57.3025 21.4117 50.6063 66.0984 21.2132 17.2047 33.7343 58.5235 74.4805 66.2771 54.0613 45.0999 17.0294 34.6699 73.8241 37.6431 58.2217 29.1256 64.0954 39.8503 34.217 51.6236 56.3028 43.9659 33.8499 99.9149 51.1077 58.5235 65.4754 18.4391 61.612 53.9351 29.1204 52.0839 82.2236 20.5183 25.318 28.6015 72.5457 74.2238 50.5964 13.0384 44.7463 69.4215 49.2217 0.0 27.6586 47.8067 73.0821 62.8236 29.7321 64.0954 38.1182 52.7731 89.2057 73.4179 60.8276 70.0 18.6815 60.407 90.623 55.0705 52.054 56.9073 61.6946 
67.424 27.4591 35.9026 89.0674 104.544 81.5999 49.0413 65.3758 89.3214 42.9535 10.6301 59.5063 83.1865 100.006 85.3288 81.8194 71.3165 40.3113 62.2013 94.2603 54.9181 85.8011 56.7552 88.3929 67.4255 61.8466 66.0303 71.0282 68.9638 61.4795 127.785 65.4905 77.0065 91.0009 43.8292 89.2416 74.4312 47.8017 90.1109 109.853 32.5576 48.0833 56.2228 100.158 101.853 75.6637 33.8378 72.3759 93.2576 76.8011 27.6586 0.0 75.4321 97.509 90.4532 56.4358 88.3929 60.9262 73.5527 116.825 101.045 78.7718 90.471 41.1096 75.0067 118.253 82.65 76.3514 81.2047 86.8332 
8.94427 51.4679 55.4681 34.8855 30.8707 23.0117 26.6271 54.3323 44.4482 46.4401 65.0111 22.5788 34.4584 35.0571 59.2389 10.0499 47.333 46.3755 13.4536 53.1507 59.5281 12.3693 23.7697 28.4518 22.9201 14.8661 64.9268 65.7382 33.7343 20.4006 52.8015 55.3263 49.3964 26.6833 42.8186 18.0278 41.7852 51.2925 17.0294 34.7131 58.7889 35.4683 19.2094 24.6982 28.7924 33.4851 45.0 4.0 33.7778 4.24264 47.8067 75.4321 0.0 44.3847 18.2483 21.4709 28.4518 38.5046 40.4969 41.4005 25.6125 62.4011 56.4799 39.4462 68.2844 44.7214 10.6301 21.095 21.2636 33.6155 
50.6952 70.3847 63.7563 10.0499 32.6956 66.6918 56.2228 97.7496 10.2956 54.5619 87.3212 64.1327 14.5602 16.1555 27.2947 34.8855 34.6554 57.3847 51.6236 96.8312 47.1941 52.6972 47.3814 61.5835 37.054 46.0977 45.6508 43.4626 29.1204 43.1045 49.0102 98.7187 93.7763 18.6011 54.7083 29.2062 86.1626 58.0114 28.6356 42.72 67.2206 74.108 53.0377 47.2017 30.4138 22.561 77.6466 43.0116 66.8852 48.3322 73.0821 97.509 44.3847 0.0 30.4795 60.4233 61.5835 36.7151 84.8646 52.4976 44.6542 32.573 21.0 75.06 43.0116 37.0135 54.1202 65.307 64.9437 12.0 
26.9258 66.4848 69.6383 23.0217 14.1421 37.6442 41.4005 72.0625 34.1321 59.1408 80.028 40.7922 25.632 17.72 50.6952 8.94427 44.7217 60.5457 30.4631 67.1658 59.2265 22.8473 36.5053 31.1737 35.6208 28.6007 60.3092 60.3672 30.8641 33.1013 37.6431 73.0616 65.7343 12.0416 56.9888 2.0 58.2495 61.1295 14.8661 21.5407 72.9591 53.4509 34.9857 18.6815 11.4018 25.5089 61.7738 19.3132 36.4754 21.0 62.8236 90.4532 18.2483 30.4795 0.0 39.2173 31.1737 41.4494 57.0701 30.8058 17.1172 52.6308 47.0106 56.8595 61.816 27.8029 25.4951 36.8782 35.8961 22.8254 
12.53 34.3657 42.7493 50.3975 52.3259 32.2901 12.6491 38.4838 57.28 36.2222 46.5188 5.83095 47.2969 54.5894 65.5134 30.3645 46.9079 32.1172 9.05539 50.3169 58.6953 31.3576 18.3848 39.083 24.6982 14.5602 64.7346 65.546 35.3412 19.7231 74.1608 39.3954 38.8973 45.1774 29.3238 38.6005 32.0156 44.7035 32.0156 56.0006 43.8006 14.3178 8.60233 45.7409 50.1597 39.8497 24.0416 19.9249 44.4091 22.3576 29.7321 56.4358 21.4709 60.4233 39.2173 0.0 39.083 37.8029 30.6105 62.4091 46.6961 62.8013 66.2118 18.0278 68.0921 66.1891 28.2064 27.0416 31.8949 48.6327 
32.8724 70.1459 79.3568 62.9806 36.3456 8.24621 51.2282 47.5395 72.8117 71.5292 79.4342 33.4445 62.8219 47.7367 88.1489 37.2554 73.0566 68.7247 37.6716 36.2353 85.2517 20.6439 49.245 0.0 48.6437 40.1944 90.6504 91.4618 59.4579 46.0677 51.923 48.5077 38.0 43.2151 70.8707 32.72 31.1448 76.3816 45.4805 34.3657 80.4081 40.4578 43.6847 21.2132 35.9026 61.8485 54.555 31.2739 8.24621 24.2228 64.0954 88.3929 28.4518 61.5835 31.1737 39.083 0.0 64.2282 30.2655 36.2491 24.0832 88.1247 84.8433 47.2899 94.008 48.0416 18.0363 12.2066 7.2111 61.8564 
35.3553 34.2053 27.0542 29.0689 52.0794 58.5877 28.6815 75.8635 28.4605 18.0278 50.9215 43.3017 22.8035 42.0119 29.4109 41.2162 9.21954 21.3776 32.2025 87.9742 26.099 50.1868 19.8489 64.2282 16.7631 25.2389 27.2066 28.0179 10.7703 18.6011 74.7536 76.7308 76.5282 33.6155 20.025 39.4838 69.6989 21.3093 32.7308 61.5231 30.5185 48.6264 29.2094 60.0894 48.9254 16.4012 45.7056 34.6271 69.5543 41.1868 38.1182 60.9262 38.5046 36.7151 41.4494 37.8029 64.2282 0.0 68.2999 71.3567 58.5525 25.5539 32.1403 45.8132 30.5641 63.1348 47.0356 56.3961 57.0401 26.9072 
43.9098 59.6657 70.0071 75.2407 66.0076 22.0907 42.72 17.8885 84.5829 63.4897 66.0076 25.0042 74.5931 74.7329 95.7049 50.2892 77.4049 59.3847 37.3894 21.095 80.2088 35.0571 49.0149 30.2655 54.448 44.1549 95.2317 96.043 65.2487 50.0017 82.0 18.7883 8.94427 67.0522 56.5912 57.4891 1.41421 71.9709 56.9468 64.6297 70.8378 27.4591 39.1194 51.4782 65.123 69.3052 41.0488 42.3215 30.4631 36.6879 52.7731 73.5527 40.4969 84.8646 57.0701 30.6105 30.2655 68.2999 0.0 65.8027 54.3323 93.2536 96.0155 34.2345 98.5892 78.2304 31.5753 20.2237 24.0 73.856 
49.8825 92.8669 97.3281 49.366 20.2237 44.3847 68.0074 83.4865 60.0167 86.8306 106.41 70.642 54.037 36.4005 77.9295 37.1618 74.629 88.2355 54.6717 65.0308 89.1337 37.6541 64.1952 36.2491 63.3106 55.7584 90.1998 90.0056 60.7714 60.7911 17.0294 84.4334 72.5672 39.0128 84.6786 32.7567 66.4831 91.0367 45.607 10.0499 100.649 76.3626 60.6053 16.9706 23.0868 55.4161 86.0635 44.6542 35.6931 41.233 89.2057 116.825 41.4005 52.4976 30.8058 62.4091 36.2491 71.3567 65.8027 0.0 15.8114 81.2219 72.7805 80.4109 91.0494 19.8494 42.3756 48.3269 43.382 50.1597 
34.1506 77.0791 81.5684 39.0 13.8924 32.249 52.2015 71.3863 50.1597 71.071 90.6222 54.929 42.45 29.0689 67.3573 21.8403 61.8247 72.4759 38.9487 57.9741 76.3295 21.9411 48.4355 24.0832 47.551 39.9625 77.4122 77.4702 47.9672 45.0314 28.6356 72.3671 62.0322 27.8568 68.919 19.105 55.2268 75.9234 31.1448 10.4403 84.8893 60.6496 44.8219 3.16228 14.8661 42.6119 70.3315 28.8444 26.6833 25.4951 73.4179 101.045 25.6125 44.6542 17.1172 46.6961 24.0832 58.5525 54.3323 15.8114 0.0 69.6348 63.1585 64.6979 78.9177 24.0 26.6625 35.386 30.5941 39.2173 
59.2636 55.1453 43.1045 32.0 61.0737 82.6846 53.6815 100.863 22.561 39.6589 70.1142 68.2495 27.2947 46.1736 7.2111 52.4695 16.5787 44.1123 56.5862 112.707 24.0208 70.8237 44.8489 88.1247 39.6232 49.5177 15.0 11.4018 29.2062 43.2782 80.7527 101.731 101.523 42.2966 44.4648 50.6952 94.6525 32.0624 43.9841 71.1758 46.2709 73.6264 54.2033 71.3092 58.1378 28.6356 70.4252 58.5236 93.4507 65.0833 60.8276 78.7718 62.4011 32.573 52.6308 62.8013 88.1247 25.5539 93.2536 81.2219 69.6348 0.0 14.1421 70.9012 10.4403 68.593 70.4439 80.2926 80.9366 31.0644 
61.3002 65.2786 54.5711 24.1661 52.6308 79.4033 58.2416 104.695 13.0 49.0918 81.2158 71.1196 22.0227 36.4966 7.2111 48.2704 25.1794 53.0094 58.7222 109.484 35.7351 66.6246 49.3356 84.8433 41.5933 51.8845 29.0689 25.4951 30.8707 46.6154 70.0071 105.603 104.285 35.3412 52.1536 45.2769 97.4145 42.7551 39.785 62.8172 57.9741 78.1089 57.7754 65.307 50.0 27.2029 77.7817 54.5004 83.2297 60.6519 70.0 90.471 56.4799 21.0 47.0106 66.2118 84.8433 32.1403 96.0155 72.7805 63.1585 14.1421 0.0 77.2164 23.8537 58.0086 66.85 77.7451 77.6552 24.1868 
30.5287 26.0 38.0132 65.123 70.2353 40.4969 19.105 32.8024 70.2567 33.4215 32.3883 19.2094 61.0082 71.3092 75.2049 47.927 54.3249 29.0689 26.4008 55.3263 50.293 47.5431 28.1603 47.2899 38.0132 29.6142 64.7025 69.0502 47.2652 32.0 92.1625 33.4215 39.8497 61.6117 26.9258 56.0803 35.3553 42.0119 47.8541 74.0024 38.0789 7.07107 22.561 63.7427 67.9779 53.0377 7.28011 37.5766 52.1546 40.3593 18.6815 41.1096 39.4462 75.06 56.8595 18.0278 47.2899 45.8132 34.2345 80.4109 64.6979 70.9012 77.2164 0.0 73.0748 84.119 42.1802 35.2485 40.1018 63.0714 
65.1469 53.8516 40.6079 42.107 71.0 88.3675 66.4162 105.275 32.9848 39.8121 67.2681 73.5909 37.0135 56.4358 16.6433 61.5827 21.5198 44.2832 62.2893 118.59 22.8473 79.9665 50.1381 94.008 45.8166 55.2357 9.05539 4.12311 36.2491 48.7714 91.0824 105.987 106.817 52.0384 46.6742 59.8504 99.9881 31.3847 53.0973 81.0247 43.2897 77.045 59.4986 80.456 68.0074 37.108 71.1126 64.4069 99.334 70.9665 60.407 75.0067 68.2844 43.0116 61.816 68.0921 94.008 30.5641 98.5892 91.0494 78.9177 10.4403 23.8537 73.0748 0.0 78.9177 76.3272 86.1759 86.8198 41.0122 
53.6656 94.2842 88.5604 37.108 13.8924 56.1427 69.2026 95.0669 46.1736 78.5719 107.827 67.2704 43.0116 22.561 64.0703 36.6197 65.5515 80.3492 57.8014 81.3941 79.3524 43.8221 64.3047 48.0416 63.4202 56.4004 79.8123 78.6448 52.5502 60.9006 12.1655 96.0515 86.0233 29.5296 84.7882 29.0689 79.1581 82.8155 41.1096 14.3178 92.0247 80.1649 62.6817 27.0185 16.4012 46.9574 89.3588 46.6476 50.3587 46.2385 90.623 118.253 44.7214 37.0135 27.8029 66.1891 48.0416 63.1348 78.2304 19.8494 24.0 68.593 58.0086 84.119 78.9177 0.0 48.5077 59.0492 54.3323 38.6005 
15.6798 58.7343 64.8341 44.9444 35.3553 12.5963 34.0356 47.0425 54.8184 54.3367 72.2748 28.3348 44.8285 43.1741 69.609 19.2354 55.3758 56.4716 20.479 42.7356 68.0591 5.65685 32.0525 18.0363 31.4512 23.0018 73.4578 73.7811 41.7772 28.8752 54.8419 48.0416 40.2616 35.8469 53.6782 25.9615 32.7567 59.189 27.5862 36.4861 68.155 35.3481 26.4922 25.7073 34.0588 43.8552 51.8608 13.8924 23.3624 6.40312 55.0705 82.65 10.6301 54.1202 25.4951 28.2064 18.0363 47.0356 31.5753 42.3756 26.6625 70.4439 66.85 42.1802 76.3272 48.5077 0.0 11.4018 10.8482 43.8292 
25.0403 58.1045 67.3153 55.9464 46.0435 5.38516 39.1868 36.3456 65.5343 60.7883 67.3927 21.4031 55.5445 54.5711 82.2094 30.4631 65.2245 56.6833 29.8395 32.5576 77.4196 15.0333 41.413 12.2066 40.8117 32.3623 82.8184 83.6297 51.6259 38.2357 63.6888 37.3363 28.8617 47.1699 53.8899 37.3631 21.3776 69.2696 38.0132 45.8074 68.3667 28.4164 35.5183 32.726 45.0111 54.7503 42.5136 23.452 17.0 17.0 52.054 76.3514 21.095 65.307 36.8782 27.0416 12.2066 56.3961 20.2237 48.3269 35.386 80.2926 77.7451 35.2485 86.1759 59.0492 11.4018 0.0 5.0 54.7083 
25.6843 62.9578 72.1686 55.7925 42.0119 2.82843 44.0401 40.7922 65.6236 64.3411 72.2461 26.2564 55.6338 53.6157 80.9608 30.0673 65.8685 61.5366 30.4834 33.4215 78.0636 13.4558 42.0569 7.2111 41.4556 33.0062 83.4623 84.2737 52.2698 38.8796 58.8218 41.7732 32.249 46.6027 63.6826 36.5283 25.02 69.1935 38.2924 41.0 73.22 33.2697 36.4966 27.8927 43.5212 54.6604 47.3669 24.0858 12.6491 17.0347 56.9073 81.2047 21.2636 64.9437 35.8961 31.8949 7.2111 57.0401 24.0 43.382 30.5941 80.9366 77.6552 40.1018 86.8198 54.3323 10.8482 5.0 0.0 54.6683 
