NAME  : Jabali_70_3_0.85_1_7
TYPE : SVRP
MODEL : FINITE_SUPPORT
NUMBER_OF_SCENARIOS : 200
DIMENSION : 70
EDGE_WEIGHT_TYPE : MATRIX
CAPACITY : 142
N_VEHICLES : 3
NODE_COORD_SECTION
1 4686 4886
2 6716 1742
3 4038 7689
4 8210 5754
5 8451 5603
6 4762 7457
7 5975 8705
8 5301 6734
9 4862 5286
10 4578 6653
11 8898 5595
12 3511 2680
13 8566 3060
14 5148 8150
15 3514 8042
16 8353 4390
17 3202 2309
18 5686 3886
19 4518 5011
20 1784 5184
21 2104 6551
22 5076 2225
23 3450 7127
24 6658 4744
25 3775 7578
26 5232 7792
27 4406 5613
28 3269 1569
29 3604 2221
30 4296 247
31 2983 4086
32 3805 5959
33 9245 3925
34 4685 8885
35 5058 2625
36 4544 4484
37 5894 18
38 7373 2948
39 5835 2332
40 4580 2716
41 4255 2957
42 8139 2060
43 3469 1376
44 5184 8660
45 2681 3507
46 4956 8503
47 1164 4535
48 4740 78
49 8400 2655
50 4644 4290
51 2961 7077
52 3882 4348
53 4538 2046
54 7249 3209
55 27 4478
56 3088 3579
57 4276 2348
58 1939 2830
59 7671 3743
60 5591 8081
61 6117 6139
62 5335 1335
63 4620 1413
64 6897 7541
65 8296 4885
66 5996 8194
67 3730 6426
68 7255 5921
69 5974 992
70 2741 3955
DEMAND_SECTION
1 0.0
2 1.0
3 4.0
4 9.0
5 4.0
6 5.0
7 8.0
8 3.0
9 7.0
10 5.0
11 1.0
12 10.0
13 2.0
14 1.0
15 10.0
16 2.0
17 9.0
18 9.0
19 6.0
20 9.0
21 9.0
22 4.0
23 9.0
24 1.0
25 3.0
26 8.0
27 3.0
28 7.0
29 4.0
30 4.0
31 1.0
32 8.0
33 1.0
34 5.0
35 6.0
36 10.0
37 5.0
38 7.0
39 1.0
40 10.0
41 7.0
42 2.0
43 6.0
44 9.0
45 6.0
46 4.0
47 7.0
48 7.0
49 7.0
50 1.0
51 3.0
52 6.0
53 1.0
54 2.0
55 7.0
56 1.0
57 6.0
58 7.0
59 8.0
60 1.0
61 3.0
62 10.0
63 4.0
64 3.0
65 6.0
66 2.0
67 5.0
68 8.0
69 4.0
70 10.0
DEVIATION_SECTION
1 0.0
2 0.333333
3 1.33333
4 3.0
5 1.33333
6 1.66667
7 2.66667
8 1.0
9 2.33333
10 1.66667
11 0.333333
12 3.33333
13 0.666667
14 0.333333
15 3.33333
16 0.666667
17 3.0
18 3.0
19 2.0
20 3.0
21 3.0
22 1.33333
23 3.0
24 0.333333
25 1.0
26 2.66667
27 1.0
28 2.33333
29 1.33333
30 1.33333
31 0.333333
32 2.66667
33 0.333333
34 1.66667
35 2.0
36 3.33333
37 1.66667
38 2.33333
39 0.333333
40 3.33333
41 2.33333
42 0.666667
43 2.0
44 3.0
45 2.0
46 1.33333
47 2.33333
48 2.33333
49 2.33333
50 0.333333
51 1.0
52 2.0
53 0.333333
54 0.666667
55 2.33333
56 0.333333
57 2.0
58 2.33333
59 2.66667
60 0.333333
61 1.0
62 3.33333
63 1.33333
64 1.0
65 2.0
66 0.666667
67 1.66667
68 2.66667
69 1.33333
70 3.33333
DISTANCE_MATRIX
0.0 58.0789 39.701 49.6488 51.9711 37.3035 54.7083 26.4008 5.83095 40.2324 57.4543 33.8378 58.5974 45.2324 44.4884 49.8217 39.8497 25.9174 2.0 39.4784 40.2617 37.001 32.6819 26.2543 38.2897 40.8626 10.7703 48.3322 38.4838 62.5019 28.4803 20.0294 62.7616 55.3123 32.3716 5.65685 68.4288 46.2283 43.3716 29.4129 26.6271 62.2543 49.6488 51.6334 32.3883 49.9555 48.7773 64.4118 59.6109 7.81025 35.1402 12.3693 37.8341 43.2127 64.3394 28.0713 34.2505 46.2709 43.6236 45.4863 26.0192 49.8308 46.4218 47.676 48.9258 48.7647 22.8603 37.9473 59.3028 29.7901 
58.0789 0.0 94.4687 55.7136 55.6597 75.9345 89.8109 66.486 52.9766 78.8634 58.4637 46.8907 31.3209 83.5918 99.2562 41.4367 46.6492 37.2066 59.2969 80.8875 96.0979 26.9871 87.4496 36.7967 93.0575 79.1202 59.8087 43.5937 41.7891 37.0 59.0298 74.7972 45.5412 93.9433 26.4068 52.5631 26.6271 18.1108 17.6577 32.6855 36.9219 22.0227 41.6494 89.8845 58.8218 88.5059 82.4264 34.3657 27.313 50.8115 89.0863 54.3091 30.2485 19.6469 97.1122 54.0886 35.2485 68.0161 28.6356 82.1402 55.6058 16.7631 26.0794 75.0067 46.3249 83.4086 77.6281 53.8238 13.6015 60.2803 
39.701 94.4687 0.0 60.8358 63.9766 10.0 29.2746 20.6761 37.2318 26.5529 69.3181 67.8657 85.6181 16.2788 8.24621 71.1423 71.9283 62.233 37.7049 44.1022 28.8617 74.7059 10.0499 52.0635 3.16228 15.6525 30.2873 81.9232 74.1011 100.206 48.8774 25.6716 84.6191 18.7883 70.0765 44.3685 106.134 76.4612 81.0765 67.1178 64.1441 92.2629 84.7556 20.0998 56.8243 17.1172 56.0803 102.117 88.0022 46.5948 15.2971 46.8699 75.539 73.3068 68.3593 54.9183 71.8939 69.4622 70.7839 21.1896 32.5842 87.5357 84.1268 37.6431 67.0009 26.5707 16.9706 47.5691 97.0077 51.0 
49.6488 55.7136 60.8358 0.0 3.16228 51.0784 51.0882 45.2769 46.8722 54.2832 8.60233 76.9415 36.4005 52.9528 68.942 17.8045 82.7345 45.1221 50.6063 87.2009 83.3249 64.2806 66.3059 25.4951 63.1511 49.4773 51.8556 88.0511 79.3095 91.3441 77.2845 61.7282 27.8927 63.6396 61.0328 51.6583 81.8596 38.4708 57.2713 65.0692 66.4831 48.7955 88.0 57.3149 81.0686 57.7062 97.0979 89.56 41.1096 52.1257 72.7085 61.7414 71.0634 36.2491 112.606 76.3685 71.0282 94.541 27.7849 48.3735 30.0 69.8598 76.6551 31.1448 11.4018 46.0109 64.5591 13.6015 69.2892 78.5944 
51.9711 55.6597 63.9766 3.16228 0.0 54.231 54.037 48.3735 49.4065 57.4236 5.65685 78.4474 34.7131 56.0892 72.0902 16.2788 84.1724 46.8402 53.0 89.8109 86.1191 65.0692 69.4463 27.2029 66.2916 52.6308 54.5619 89.2064 80.6226 91.6099 79.4508 64.5224 25.2982 66.7533 62.0081 53.8245 81.5414 38.0789 57.7062 66.2722 67.897 47.5079 89.0505 60.407 83.2348 60.8276 99.5691 89.7385 39.598 54.292 75.849 63.9531 72.0 36.0555 115.109 78.5348 72.177 96.2869 27.313 51.4782 33.0151 70.1256 77.3175 34.0588 10.0 49.0408 67.3533 16.6433 69.2604 80.7606 
37.3035 75.9345 10.0 51.0784 54.231 0.0 23.3452 11.1942 31.4842 17.0711 59.5063 69.6635 76.1363 11.1803 17.8885 61.6604 73.726 48.3054 36.2258 50.2494 37.1618 74.6139 17.4642 42.5816 12.7279 8.06226 29.207 85.3654 75.5473 99.805 50.9675 27.0416 75.1332 19.4165 69.6747 42.8761 102.39 66.9793 73.6331 66.716 63.9305 82.781 86.8269 17.2047 59.1557 14.8661 62.2013 101.715 78.5204 44.8732 23.7065 48.2399 75.1372 63.8249 75.505 56.7161 71.5536 72.5328 61.3021 14.0357 23.1023 87.9124 83.725 28.0179 57.4891 19.0263 18.4391 37.9473 88.6572 53.4525 
54.7083 89.8109 29.2746 51.0882 54.037 23.3452 0.0 28.7199 48.8774 34.5967 58.0345 88.1022 83.8153 13.0384 33.2415 66.4906 93.9769 63.3283 53.7122 73.0068 58.0517 89.6368 39.1152 53.8516 32.3883 15.2971 46.7327 102.883 93.0591 117.338 74.2228 50.2969 78.6384 16.9706 84.9286 60.208 116.044 78.2943 87.2873 84.0926 81.3078 93.1075 104.317 10.8167 82.411 13.4164 85.0059 118.284 87.3155 62.1289 44.5533 64.711 92.5138 75.1798 97.6217 79.8647 88.9302 95.8047 70.3847 9.48683 34.2053 102.935 100.956 20.0 60.8276 6.40312 41.7732 41.4849 102.311 76.7078 
26.4008 66.486 20.6761 45.2769 48.3735 11.1942 28.7199 0.0 20.6155 14.1231 53.8516 59.4983 68.0074 19.1231 28.8213 54.3415 65.3712 38.6305 25.2389 56.5159 45.4632 63.3915 26.1458 34.0588 22.9911 14.7533 18.0278 74.3034 64.4981 88.8924 45.8912 23.025 67.9117 29.203 58.7621 32.0156 92.7154 58.0517 63.9582 55.8034 53.0094 73.9797 75.8024 25.524 54.1295 23.8462 68.2558 90.8023 70.1142 34.0588 32.5484 36.1053 64.2246 54.9181 82.2832 51.145 60.641 67.897 53.0094 19.3874 15.8114 78.2375 72.8124 27.2029 50.5964 23.0868 23.3585 31.7648 78.9823 48.6621 
5.83095 52.9766 37.2318 46.8722 49.4065 31.4842 48.8774 20.6155 0.0 34.4131 55.0 39.5601 57.8011 39.4131 42.0193 48.8262 45.5412 25.1211 5.09902 40.4599 39.0 42.8229 30.2127 25.2389 35.8205 35.0433 7.07107 54.1295 44.2832 68.3238 29.2776 17.5602 61.9112 49.493 38.1935 11.4018 74.2507 45.432 50.4488 35.2348 32.45 61.4581 55.4707 45.814 37.0877 44.1362 50.2494 70.2337 58.8146 13.4536 32.671 17.0 43.656 42.4164 65.7343 33.0151 40.0724 51.0405 42.8273 39.6611 21.095 55.6527 52.2438 42.2966 47.4236 42.9418 20.3912 34.4384 65.1247 32.3887 
40.2324 78.8634 26.5529 54.2832 57.4236 17.0711 34.5967 14.1231 34.4131 0.0 62.7731 73.5059 79.0652 25.0 34.6982 64.5894 79.3802 51.2343 39.1548 62.3927 51.3401 77.5428 32.0227 45.5106 28.868 20.6301 32.1359 88.2943 78.4763 102.734 60.01 11.0 78.0661 35.0799 72.6037 45.805 105.319 69.9083 76.5621 69.6449 66.8595 85.71 89.7559 31.4009 68.2495 29.7231 74.1327 104.644 81.4493 47.8021 38.4253 50.1142 78.0662 66.7539 88.1601 65.2679 74.4825 82.0069 64.231 25.2643 26.0312 90.8414 86.6539 33.7697 60.448 28.9737 29.2354 41.0161 91.5861 62.7731 
57.4543 58.4637 69.3181 8.60233 5.65685 59.5063 58.0345 53.8516 55.0 62.7731 0.0 83.1986 34.8281 60.8769 77.3886 17.4642 88.8426 51.8652 58.5235 95.4254 91.7756 69.0072 74.7958 32.311 71.6411 57.5674 60.208 93.5361 85.1587 94.8947 84.8542 70.1789 23.3238 71.3863 66.1891 59.228 83.8153 40.5216 61.2046 70.7396 72.5672 48.2597 93.2631 64.9384 88.6383 65.5134 105.119 92.7631 40.0 59.6954 81.1984 69.3588 76.1052 38.833 120.673 84.061 76.5682 101.307 29.8329 56.0892 38.6005 73.44 81.0555 38.0526 12.1655 53.3385 73.0098 22.2036 72.0347 86.164 
33.8378 46.8907 67.8657 76.9415 78.4474 69.6635 88.1022 59.4983 39.5601 73.5059 83.1986 0.0 67.8012 78.5059 71.1148 70.3341 6.08276 32.0624 34.5398 40.4475 54.626 21.6333 59.191 51.4782 65.9594 74.1361 42.2486 15.0 5.83095 34.5398 19.6977 48.6218 79.5832 86.6706 20.5183 28.8617 47.0425 51.6593 31.241 14.2127 10.7703 62.4752 16.9706 86.3404 16.0 83.635 40.4475 38.3275 65.1956 27.4591 58.3261 24.4131 15.8114 50.9741 53.1413 13.6015 11.1803 21.2603 58.7695 78.7702 59.2284 29.1006 22.0 81.2527 72.1249 82.3468 51.4528 68.0074 38.0251 19.6469 
58.5974 31.3209 85.6181 36.4005 34.7131 76.1363 83.8153 68.0074 57.8011 79.0652 34.8281 67.8012 0.0 81.8841 93.7634 18.6011 72.111 44.8562 59.941 97.4318 96.7774 48.0664 87.8939 34.1321 87.9331 77.6466 64.6331 73.693 67.4176 67.6018 77.6808 75.2415 15.1327 92.9139 47.4342 67.3584 52.345 16.2788 38.737 53.6004 58.0344 13.9284 72.947 87.4757 80.3652 86.977 102.697 64.1249 5.38516 65.6068 90.3522 69.1044 55.6816 17.8045 117.53 75.9134 57.9836 88.9117 15.1327 78.6448 53.1507 48.0833 57.377 65.0 25.0 77.8845 78.0724 42.3792 43.2897 78.9906 
45.2324 83.5918 16.2788 52.9528 56.0892 11.1803 13.0384 19.1231 39.4131 25.0 60.8769 78.5059 81.8841 0.0 21.095 66.0076 84.7985 56.1232 44.1548 60.0 45.1221 82.5428 26.0768 49.3356 19.4165 4.47214 37.1359 93.2943 83.4763 107.734 62.0399 38.1141 79.0569 11.0454 77.6037 50.805 110.208 74.0 81.4509 74.6449 71.8595 89.56 94.7559 6.40312 70.2282 5.09902 72.0 109.644 84.7231 52.8021 31.5753 59.3124 83.0662 70.8378 84.5931 67.7885 79.4825 83.5225 67.4685 5.65685 29.1204 95.8414 91.6539 24.6982 61.0737 10.8167 29.4109 41.0488 96.4749 64.5136 
44.4884 99.2562 8.24621 68.942 72.0902 17.8885 33.2415 28.8213 42.0193 34.6982 77.3886 71.1148 93.7634 21.095 0.0 79.2876 75.1774 67.0205 42.4924 43.4166 26.0192 79.4934 12.0416 60.2087 7.07107 21.9317 35.0748 85.1723 76.9226 104.194 51.8556 30.4591 92.7643 19.0 74.864 49.156 110.921 84.6064 85.864 71.9053 68.1317 100.408 87.577 22.8035 59.4054 19.9249 55.109 106.104 96.1475 51.3823 13.9284 50.8574 80.3265 81.452 66.0076 58.1378 75.8814 71.1969 78.9292 26.6271 40.7294 92.3232 88.1143 44.5533 75.1462 31.9061 22.3607 55.7143 101.795 53.6004 
49.8217 41.4367 71.1423 17.8045 16.2788 61.6604 66.4906 54.3415 48.8262 64.5894 17.4642 70.3341 18.6011 66.0076 79.2876 0.0 75.6296 40.8044 51.1653 88.6561 87.3662 53.6004 78.4219 23.6008 73.4573 62.0081 55.2268 78.8543 71.2362 78.2304 74.7057 65.7694 13.6015 77.026 51.4198 51.4204 66.4078 23.3452 45.0444 56.923 59.6129 31.241 78.2624 71.1758 77.4525 71.0282 97.955 75.8024 23.3452 62.3957 80.8802 61.5512 61.0 22.0227 113.517 72.4527 62.0967 89.4713 13.0 62.2013 38.6394 57.0088 65.123 47.1275 6.40312 60.8276 68.6004 25.1794 54.9181 76.0156 
39.8497 46.6492 71.9283 82.7345 84.1724 73.726 93.9769 65.3712 45.5412 79.3802 88.8426 6.08276 72.111 84.7985 75.1774 75.6296 0.0 38.0132 40.4969 42.72 58.1808 24.7588 63.2535 57.3149 70.022 80.0103 48.1215 10.0 5.0 31.7805 23.6008 52.6844 84.0773 90.7332 24.6982 34.9285 46.6905 56.0803 34.7131 18.7883 16.2788 66.625 12.53 90.403 18.0278 87.6976 41.0 36.2215 69.3454 33.541 62.3887 30.0167 17.8045 55.4707 52.3927 17.2047 14.2127 18.7883 63.2666 84.6445 65.307 30.0063 21.8403 87.3212 77.6459 88.2383 55.5154 74.0 38.9102 22.8254 
25.9174 37.2066 62.233 45.1221 46.8402 48.3054 63.3283 38.6305 25.1211 51.2343 51.8652 32.0624 44.8562 56.1232 67.0205 40.8044 38.0132 0.0 27.261 66.6486 67.4319 26.4313 55.214 19.6469 60.8218 51.6672 31.9532 44.5533 35.1283 54.1324 34.4556 42.5615 52.3259 66.3142 21.7231 23.8971 58.3279 30.4548 32.7231 22.1359 22.0907 46.2653 45.1221 62.4787 37.2023 60.9574 59.4713 55.0784 44.7796 22.1455 57.6722 25.6431 29.9666 27.7307 74.3049 32.2025 28.1603 49.4484 31.241 55.1213 29.7325 39.7299 37.7508 51.5168 41.5933 56.9595 45.3924 36.0139 48.6543 35.7654 
2.0 59.2969 37.7049 50.6063 53.0 36.2258 53.7122 25.2389 5.09902 39.1548 58.5235 34.5398 59.941 44.1548 42.4924 51.1653 40.4969 27.261 0.0 37.5914 38.3275 38.219 30.6858 27.5979 36.2936 39.7849 8.94427 49.1935 39.3573 63.7199 25.4309 18.0333 64.1053 54.2346 33.5896 7.2111 69.6468 47.572 44.5896 30.6309 27.8029 63.598 50.6063 50.5557 32.1509 48.8778 46.8903 65.6298 60.9546 9.43398 33.1441 12.0416 39.0521 44.5563 62.4523 28.0 35.4685 46.0977 44.9672 44.4185 26.0192 51.0488 47.6398 47.3814 50.2494 47.8539 20.8642 38.6264 60.5208 28.542 
39.4784 80.8875 44.1022 87.2009 89.8109 50.2494 73.0068 56.5159 40.4599 62.3927 95.4254 40.4475 97.4318 60.0 43.4166 88.6561 42.72 66.6486 37.5914 0.0 18.868 58.3966 34.0588 65.0887 41.1947 58.1378 35.5106 52.2015 45.8912 74.4648 22.0907 32.5466 101.596 61.9839 55.1032 43.8993 87.0919 85.1371 66.1802 49.351 44.2554 96.472 55.0273 64.195 24.7386 61.2046 12.0 78.6448 99.1911 46.1257 29.6142 38.0584 55.0091 82.413 26.0 27.074 50.01 31.241 82.458 64.1249 59.0593 68.6132 62.2896 76.1625 87.6926 69.2604 33.2415 74.3303 77.5377 21.0238 
40.2617 96.0979 28.8617 83.3249 86.1191 37.1618 58.0517 45.4632 39.0 51.3401 91.7756 54.626 96.7774 45.1221 26.0192 87.3662 58.1808 67.4319 38.3275 18.868 0.0 71.4555 19.6977 63.9531 25.7099 44.2719 32.2025 68.0955 60.4152 89.1572 34.9285 27.5967 100.648 45.0111 68.1621 44.6826 100.28 85.846 81.3906 62.4099 57.3142 101.872 70.7107 48.2597 40.4969 45.2769 29.7321 92.7872 97.791 46.909 13.6015 47.184 68.1455 81.3927 40.0 41.1461 63.1587 49.5177 81.8036 50.0 54.2784 81.7344 75.7352 64.8845 85.3997 55.3624 24.8395 70.05 90.6588 35.3553 
37.001 26.9871 74.7059 64.2806 65.0692 74.6139 89.6368 63.3915 42.8229 77.5428 69.0072 21.6333 48.0664 82.5428 79.4934 53.6004 24.7588 26.4313 38.219 58.3966 71.4555 0.0 67.6868 40.6586 73.2947 77.9756 46.6847 25.632 19.8494 28.6531 36.5389 55.0344 60.7454 92.6227 5.0 31.4853 32.1031 32.311 10.0 9.05539 14.1421 42.5715 24.7386 88.9437 36.0555 87.2659 60.7289 29.0689 45.292 29.7336 70.1384 32.9848 7.61577 32.28 74.3236 32.0156 10.6301 42.8019 40.7922 81.4297 55.9525 13.505 12.6491 77.8208 57.0789 83.268 57.8653 58.6748 22.4295 37.6563 
32.6819 87.4496 10.0499 66.3059 69.4463 17.4642 39.1152 26.1458 30.2127 32.0227 74.7958 59.191 87.8939 26.0768 12.0416 78.4219 63.2535 55.214 30.6858 34.0588 19.6977 67.6868 0.0 55.0098 7.28011 24.7386 23.2682 73.2485 64.9987 92.8422 40.0 18.6525 91.7117 28.4605 63.0574 37.3494 99.1146 75.5249 74.0574 59.7538 56.7801 91.5509 75.6532 30.1496 47.7074 27.1662 46.0435 94.7527 88.9075 39.5758 6.40312 39.5059 68.175 72.5093 58.5491 46.2277 64.5299 59.9333 72.9201 30.5941 38.0539 80.5166 76.7628 45.2769 72.4707 35.9026 11.1803 53.0388 89.9886 41.8808 
26.2543 36.7967 52.0635 25.4951 27.2029 42.5816 53.8516 34.0588 25.2389 45.5106 32.311 51.4782 34.1321 49.3356 60.2087 23.6008 57.3149 19.6469 27.5979 65.0887 63.9531 40.6586 55.0098 0.0 54.3785 44.9222 31.7648 63.0317 54.037 68.7095 53.4792 42.3573 36.7151 60.1664 38.3456 27.853 63.2535 24.6982 35.3553 40.05 41.1096 40.2616 63.1981 55.3624 56.8424 54.4059 74.3876 68.6057 36.0555 28.3204 57.4681 37.9838 46.7859 21.5407 89.9497 51.8426 46.0977 69.0884 19.0263 47.0106 20.2485 53.0019 53.2616 38.2099 22.8035 47.5079 45.1883 18.0278 49.5204 54.789 
38.2897 93.0575 3.16228 63.1511 66.2916 12.7279 32.3883 22.9911 35.8205 28.868 71.6411 65.9594 87.9331 19.4165 7.07107 73.4573 70.022 60.8218 36.2936 41.1947 25.7099 73.2947 7.28011 54.3785 0.0 18.7883 28.8761 80.0169 71.7672 98.7949 46.8722 24.2603 86.9341 21.1896 68.6653 42.9572 104.722 78.7762 79.6653 65.7065 62.7328 94.5779 82.4216 23.0217 54.7083 20.025 53.1507 100.705 90.3172 45.1836 12.1655 44.1664 74.1278 75.6218 65.2763 53.0094 70.4826 67.1193 73.0989 24.3516 34.8992 86.1244 82.7155 40.6079 69.316 29.7321 15.8114 49.8841 95.5964 48.8774 
40.8626 79.1202 15.6525 49.4773 52.6308 8.06226 15.2971 14.7533 35.0433 20.6301 57.5674 74.1361 77.6466 4.47214 21.9317 62.0081 80.0103 51.6672 39.7849 58.1378 44.2719 77.9756 24.7386 44.9222 18.7883 0.0 32.7661 88.9245 79.1064 103.364 58.9414 35.0156 75.1665 15.2971 72.9606 46.4352 105.752 69.5701 76.9949 70.2751 67.4896 85.1645 90.386 10.8167 67.1297 9.48683 70.1142 105.274 80.4114 48.4323 30.6757 50.7444 78.6963 66.4078 83.1865 64.6901 75.1127 80.5233 63.1506 6.0 24.7386 91.2742 87.2841 22.6716 57.2189 11.1803 26.4764 37.2156 92.0189 61.4265 
10.7703 59.8087 30.2873 51.8556 54.5619 29.207 46.7327 18.0278 7.07107 32.1359 60.208 42.2486 64.6331 37.1359 35.0748 55.2268 48.1215 31.9532 8.94427 35.5106 32.2025 46.6847 23.2682 31.7648 28.8761 32.7661 0.0 57.0545 47.2564 72.1803 28.1603 10.6158 68.4763 48.6645 42.0553 16.1245 78.1125 52.2641 53.0553 39.0966 36.1299 68.2901 58.5843 43.5369 36.3456 41.859 46.0977 74.0955 65.6467 18.3576 25.7265 18.8556 47.5178 49.2485 61.2944 33.2197 43.8796 50.2494 49.6593 37.4003 23.7697 59.5145 56.1056 43.0465 53.4135 41.1096 13.4467 38.833 68.9865 31.0644 
48.3322 43.5937 81.9232 88.0511 89.2064 85.3654 102.883 74.3034 54.1295 88.2943 93.5361 15.0 73.693 93.2943 85.1723 78.8543 10.0 44.5533 49.1935 52.2015 68.0955 25.632 73.2485 63.0317 80.0169 88.9245 57.0545 0.0 9.84886 23.0217 33.6006 62.6793 86.3771 100.728 27.4591 43.0813 40.4969 57.9396 35.3412 23.0 22.561 65.0226 3.0 100.398 27.7308 97.6925 49.366 28.0713 70.8847 41.4367 72.3837 39.4081 18.0278 57.8705 59.3043 27.2029 17.0294 25.0799 66.2193 93.5587 73.1554 26.9072 17.6918 95.2556 81.8841 97.0464 65.5103 80.399 35.4683 32.7567 
38.4838 41.7891 74.1011 79.3095 80.6226 75.5473 93.0591 64.4981 44.2832 78.4763 85.1587 5.83095 67.4176 83.4763 76.9226 71.2362 5.0 35.1283 39.3573 45.8912 60.4152 19.8494 64.9987 54.037 71.7672 79.1064 47.2564 9.84886 0.0 28.7924 25.4951 54.4296 79.6241 92.4783 20.1246 33.2415 42.2966 51.4782 29.8329 14.5602 13.0384 61.9227 11.4018 89.8772 21.2132 89.4427 45.0999 32.7567 64.6432 31.6228 64.1339 29.8329 12.8062 50.9902 57.0088 19.3132 9.43398 23.7065 58.8727 83.7406 63.3484 25.1462 17.2627 85.4486 73.9003 87.2067 57.2605 71.1126 34.0706 25.2982 
62.5019 37.0 100.206 91.3441 91.6099 99.805 117.338 88.8924 68.3238 102.734 94.8947 34.5398 67.6018 107.734 104.194 78.2304 31.7805 54.1324 63.7199 74.4648 89.1572 28.6531 92.8422 68.7095 98.7949 103.364 72.1803 23.0217 28.7924 0.0 54.231 80.5346 82.2982 118.583 33.2866 56.9861 21.2132 55.0364 34.3465 33.2415 36.2353 55.7853 20.025 114.135 49.7293 112.457 72.3395 5.83095 62.9682 55.2345 92.8516 56.6127 24.7588 56.2228 82.1523 48.1041 28.4253 48.0104 65.2763 107.985 83.742 21.587 16.4012 105.522 82.7345 110.969 83.3656 86.7298 24.3311 54.0833 
28.4803 59.0298 48.8774 77.2845 79.4508 50.9675 74.2228 45.8912 29.2776 60.01 84.8542 19.6977 77.6808 62.0399 51.8556 74.7057 23.6008 34.4556 25.4309 22.0907 34.9285 36.5389 40.0 53.4792 46.8722 58.9414 28.1603 33.6006 25.4951 54.231 0.0 29.9258 85.6281 67.6018 33.2455 25.6345 65.3636 63.2794 44.3225 27.4933 22.3977 74.6143 36.0555 67.624 8.24621 64.8845 26.0768 57.8706 77.3334 25.523 38.8973 16.2007 33.2289 60.5553 41.2311 6.40312 28.2422 22.0907 64.3722 64.7808 50.3587 46.8178 40.8186 71.007 75.8904 68.9837 32.6956 66.2257 55.7422 3.16228 
20.0294 74.7972 25.6716 61.7282 64.5224 27.0416 50.2969 23.025 17.5602 11.0 70.1789 48.6218 75.2415 38.1141 30.4591 65.7694 52.6844 42.5615 18.0333 32.5466 27.5967 55.0344 18.6525 42.3573 24.2603 35.0156 10.6158 62.6793 54.4296 80.5346 29.9258 0.0 79.0592 44.0488 50.405 24.697 86.4622 62.8724 61.405 47.4462 44.4726 78.8984 65.084 43.7185 38.1141 41.0132 43.8044 82.4452 76.255 26.9233 21.1108 27.1983 55.8675 59.8568 58.5428 35.6744 52.2223 51.5077 60.2677 40.855 32.6816 67.8641 64.4552 49.8722 63.803 45.4264 8.83095 48.4533 77.3362 32.4109 
62.7616 45.5412 84.6191 27.8927 25.2982 75.1332 78.6384 67.9117 61.9112 78.0661 23.3238 79.5832 15.1327 79.0569 92.7643 13.6015 84.0773 52.3259 64.1053 101.596 100.648 60.7454 91.7117 36.7151 86.9341 75.1665 68.4763 86.3771 79.6241 82.2982 85.6281 79.0592 0.0 90.0222 59.5063 64.3603 67.4759 28.4605 51.4346 65.3738 69.8078 28.8617 85.3909 84.006 88.3713 84.0238 110.644 79.0253 20.3961 73.318 94.17 76.8156 68.352 28.6356 125.477 83.3725 70.2638 100.303 21.4009 75.0067 52.1728 62.1691 71.3443 58.8558 18.0 73.2462 81.8901 38.0132 58.0775 86.9379 
55.3123 93.9433 18.7883 63.6396 66.7533 19.4165 16.9706 29.203 49.493 35.0799 71.3863 86.6706 92.9139 11.0454 19.0 77.026 90.7332 66.3142 54.2346 61.9839 45.0111 92.6227 28.4605 60.1664 21.1896 15.2971 48.6645 100.728 92.4783 118.583 67.6018 44.0488 90.0222 0.0 87.6835 60.8849 120.399 84.7703 91.6419 84.7248 82.5213 100.424 103.133 6.7082 75.591 6.0 73.8241 119.724 95.7079 62.882 32.3883 65.2471 93.146 81.6088 85.0059 73.577 90.2711 88.2383 78.4474 15.2971 40.025 105.921 101.734 34.176 72.0278 18.7883 35.2278 52.0096 106.666 69.7711 
32.3716 26.4068 70.0765 61.0328 62.0081 69.6747 84.9286 58.7621 38.1935 72.6037 66.1891 20.5183 47.4342 77.6037 74.864 51.4198 24.6982 21.7231 33.5896 55.1032 68.1621 5.0 63.0574 38.3456 68.6653 72.9606 42.0553 27.4591 20.1246 33.2866 33.2455 50.405 59.5063 87.6835 0.0 26.8558 37.0697 31.3847 11.1803 6.40312 11.1803 41.9913 27.074 84.0046 33.541 82.3268 57.9396 33.9706 44.7117 25.1042 65.509 28.4764 10.0499 30.8707 72.0069 29.1548 10.7703 41.7253 38.8973 76.7215 51.3327 18.4716 17.0 73.1126 54.4518 78.5598 53.2359 56.1295 27.396 34.4819 
5.65685 52.5631 44.3685 51.6583 53.8245 42.8761 60.208 32.0156 11.4018 45.805 59.228 28.8617 67.3584 50.805 49.156 51.4204 34.9285 23.8971 7.2111 43.8993 44.6826 31.4853 37.3494 27.853 42.9572 46.4352 16.1245 43.0813 33.2415 56.9861 25.6345 24.697 64.3603 60.8849 26.8558 0.0 62.913 52.957 37.8558 23.8971 21.1123 68.1476 44.2832 57.206 29.4109 55.5281 50.6502 58.896 67.2817 2.23607 39.801 10.6301 32.3183 50.2329 65.4838 24.7386 28.7347 42.9535 53.8137 51.0392 30.4138 44.315 40.9061 52.3927 50.5245 54.2033 27.5279 40.7922 53.787 26.9443 
68.4288 26.6271 106.134 81.8596 81.5414 102.39 116.044 92.7154 74.2507 105.319 83.8153 47.0425 52.345 110.208 110.921 66.4078 46.6905 58.3279 69.6468 87.0919 100.28 32.1031 99.1146 63.2535 104.722 105.752 78.1125 40.4969 42.2966 21.2132 65.3636 86.4622 67.4759 120.399 37.0697 62.913 0.0 43.4626 43.8835 39.2916 43.7906 39.0128 37.6962 116.564 63.0317 115.042 87.367 15.6205 47.1699 61.1614 101.566 63.9888 32.1403 45.618 99.0404 60.0333 37.1214 65.0 54.231 108.37 81.8398 20.8806 25.0799 101.431 71.8679 109.642 89.2931 80.4487 14.2127 66.0681 
46.2283 18.1108 76.4612 38.4708 38.0789 66.9793 78.2943 58.0517 45.432 69.9083 40.5216 51.6593 16.2788 74.0 84.6064 23.3452 56.0803 30.4548 47.572 85.1371 85.846 32.311 75.5249 24.6982 78.7762 69.5701 52.2641 57.9396 51.4782 55.0364 63.2794 62.8724 28.4605 84.7703 31.3847 52.957 43.4626 0.0 22.9838 37.4433 41.8839 16.0312 56.94 80.0562 64.2147 79.0569 88.2951 52.469 14.7648 51.2054 77.9832 54.703 39.9249 3.16228 103.129 59.763 42.0595 72.7613 10.7703 71.6938 44.9444 34.1321 43.1673 61.4003 28.4605 72.0069 65.7033 38.9487 31.5753 64.5893 
43.3716 17.6577 81.0765 57.2713 57.7062 73.6331 87.2873 63.9582 50.4488 76.5621 61.2046 31.241 38.737 81.4509 85.864 45.0444 34.7131 32.7231 44.5896 66.1802 81.3906 10.0 74.0574 35.3553 79.6653 76.9949 53.0553 35.3412 29.8329 34.3465 44.3225 61.405 51.4346 91.6419 11.1803 37.8558 43.8835 22.9838 0.0 17.4929 22.3607 33.2422 34.176 87.8064 44.7214 86.2852 69.0797 49.8598 35.9626 36.1042 76.509 39.6018 17.4929 23.1975 83.1865 40.3113 20.5183 52.4976 32.0624 80.449 53.0827 18.6388 20.0998 73.0785 49.0918 80.8845 64.2359 53.2259 30.1504 45.5412 
29.4129 32.6855 67.1178 65.0692 66.2722 66.716 84.0926 55.8034 35.2348 69.6449 70.7396 14.2127 53.6004 74.6449 71.9053 56.923 18.7883 22.1359 30.6309 49.351 62.4099 9.05539 59.7538 40.05 65.7065 70.2751 39.0966 23.0 14.5602 33.2415 27.4933 47.4462 65.3738 84.7248 6.40312 23.8971 39.2916 37.4433 17.4929 0.0 5.09902 48.27 23.1948 81.0459 27.313 79.368 51.8652 35.0 50.9904 22.1455 62.5503 24.6982 8.48528 36.7648 65.7419 23.0868 6.08276 35.3553 44.5601 74.8958 51.8656 20.6936 17.0294 73.6499 59.7449 78.0995 50.2772 57.5587 29.618 28.6356 
26.6271 36.9219 64.1441 66.4831 67.897 63.9305 81.3078 53.0094 32.45 66.8595 72.5672 10.7703 58.0344 71.8595 68.1317 59.6129 16.2788 22.0907 27.8029 44.2554 57.3142 14.1421 56.7801 41.1096 62.7328 67.4896 36.1299 22.561 13.0384 36.2353 22.3977 44.4726 69.8078 82.5213 11.1803 21.1123 43.7906 41.8839 22.3607 5.09902 0.0 52.5064 23.4094 78.2604 22.3607 76.5826 46.8188 38.5876 55.4448 19.3607 59.5766 20.5913 12.083 41.1987 60.8276 18.0278 7.81025 31.241 48.9941 72.111 51.0783 25.1926 20.5913 73.1785 61.4041 75.3147 47.3035 58.0775 34.117 23.5372 
62.2543 22.0227 92.2629 48.7955 47.5079 82.781 93.1075 73.9797 61.4581 85.71 48.2597 62.4752 13.9284 89.56 100.408 31.241 66.625 46.2653 63.598 96.472 101.872 42.5715 91.5509 40.2616 94.5779 85.1645 68.2901 65.0226 61.9227 55.7853 74.6143 78.8984 28.8617 100.424 41.9913 68.1476 39.0128 16.0312 33.2422 48.27 52.5064 0.0 63.0783 95.5092 75.0565 94.6414 99.372 51.788 8.544 66.396 94.0092 69.8936 51.6773 19.105 113.527 70.6047 52.4887 83.6006 22.8254 86.977 60.4401 38.0789 47.5079 75.2928 37.5366 86.9253 81.7294 52.4786 31.6228 75.8647 
49.6488 41.6494 84.7556 88.0 89.0505 86.8269 104.317 75.8024 55.4707 89.7559 93.2631 16.9706 72.947 94.7559 87.577 78.2624 12.53 45.1221 50.6063 55.0273 70.7107 24.7386 75.6532 63.1981 82.4216 90.386 58.5843 3.0 11.4018 20.025 36.0555 65.084 85.3909 103.133 27.074 44.2832 37.6962 56.94 34.176 23.1948 23.4094 63.0783 0.0 101.157 30.4631 100.097 52.345 25.0799 68.9404 42.5587 74.7883 41.2311 17.2627 57.0088 62.2896 29.6816 17.1172 28.0713 65.5134 95.0158 74.2763 25.0 15.6205 96.3766 81.4985 98.4124 67.915 80.7527 33.2415 35.3553 
51.6334 89.8845 20.0998 57.3149 60.407 17.2047 10.8167 25.524 45.814 31.4009 64.9384 86.3404 87.4757 6.40312 22.8035 71.1758 90.403 62.4787 50.5557 64.195 48.2597 88.9437 30.1496 55.3624 23.0217 10.8167 43.5369 100.398 89.8772 114.135 67.624 43.7185 84.006 6.7082 84.0046 57.206 116.564 80.0562 87.8064 81.0459 78.2604 95.5092 101.157 0.0 75.7694 3.0 76.1643 116.045 90.471 59.2031 35.0143 64.9169 89.4671 76.896 88.1419 73.393 85.8835 88.8651 73.2462 9.0 35.1141 102.242 98.0548 27.5136 66.0076 12.083 34.9285 46.0435 102.83 70.0071 
32.3883 58.8218 56.8243 81.0686 83.2348 59.1557 82.411 54.1295 37.0877 68.2495 88.6383 16.0 80.3652 70.2282 59.4054 77.4525 18.0278 37.2023 32.1509 24.7386 40.4969 36.0555 47.7074 56.8424 54.7083 67.1297 36.3456 27.7308 21.2132 49.7293 8.24621 38.1141 88.3713 75.591 33.541 29.4109 63.0317 64.2147 44.7214 27.313 22.3607 75.0565 30.4631 75.7694 0.0 73.0068 24.7386 53.9351 77.7756 29.1548 46.0977 20.1095 31.4006 63.5346 38.4708 5.0 26.4764 14.0 67.1154 72.9691 58.1592 44.9093 38.0 79.0569 78.6372 77.2231 40.8534 70.0928 53.8337 5.83095 
49.9555 88.5059 17.1172 57.7062 60.8276 14.8661 13.4164 23.8462 44.1362 29.7231 65.5134 83.635 86.977 5.09902 19.9249 71.0282 87.6976 60.9574 48.8778 61.2046 45.2769 87.2659 27.1662 54.4059 20.025 9.48683 41.859 97.6925 89.4427 112.457 64.8845 41.0132 84.0238 6.0 82.3268 55.5281 115.042 79.0569 86.2852 79.368 76.5826 94.6414 100.097 3.0 73.0068 0.0 73.171 114.367 89.822 57.5252 32.0156 62.2115 87.7893 75.8947 85.1469 70.6876 84.2056 86.0349 72.5672 9.48683 34.2053 100.564 96.377 28.6356 66.0303 13.6015 32.2025 46.0109 101.309 67.2309 
48.7773 82.4264 56.0803 97.0979 99.5691 62.2013 85.0059 68.2558 50.2494 74.1327 105.119 40.4475 102.697 72.0 55.109 97.955 41.0 59.4713 46.8903 12.0 29.7321 60.7289 46.0435 74.3876 53.1507 70.1142 46.0977 49.366 45.0999 72.3395 26.0768 43.8044 110.644 73.8241 57.9396 50.6502 87.367 88.2951 69.0797 51.8652 46.8188 99.372 52.345 76.1643 24.7386 73.171 0.0 77.1038 102.349 50.5387 41.4367 41.2164 56.0892 85.571 15.6205 28.7924 51.1957 25.2982 89.3879 76.1052 69.857 69.5298 62.2896 87.6766 96.9992 81.2219 44.911 84.5991 78.4542 23.7065 
64.4118 34.3657 102.117 89.56 89.7385 101.715 118.284 90.8023 70.2337 104.644 92.7631 38.3275 64.1249 109.644 106.104 75.8024 36.2215 55.0784 65.6298 78.6448 92.7872 29.0689 94.7527 68.6057 100.705 105.274 74.0955 28.0713 32.7567 5.83095 57.8706 82.4452 79.0253 119.724 33.9706 58.896 15.6205 52.469 49.8598 35.0 38.5876 51.788 25.0799 116.045 53.9351 114.367 77.1038 0.0 59.3043 57.1444 96.4815 59.1692 26.6271 53.9351 87.367 51.923 30.8869 53.1507 62.9682 110.077 84.5996 20.5913 18.0278 106.216 80.604 111.915 85.2761 86.626 21.0238 57.9741 
59.6109 27.313 88.0022 41.1096 39.598 78.5204 87.3155 70.1142 58.8146 81.4493 40.0 65.1956 5.38516 84.7231 96.1475 23.3452 69.3454 44.7796 60.9546 99.1911 97.791 45.292 88.9075 36.0555 90.3172 80.4114 65.6467 70.8847 64.6432 62.9682 77.3334 76.255 20.3961 95.7079 44.7117 67.2817 47.1699 14.7648 35.9626 50.9904 55.4448 8.544 68.9404 90.471 77.7756 89.822 102.349 59.3043 0.0 65.5301 91.3658 69.0277 52.9072 17.088 116.246 73.3239 55.2092 86.3134 17.2627 81.7435 55.7315 44.0114 53.3704 68.8767 29.7321 81.2712 79.086 46.0977 38.6394 78.5839 
7.81025 50.8115 46.5948 52.1257 54.292 44.8732 62.1289 34.0588 13.4536 47.8021 59.6954 27.4591 65.6068 52.8021 51.3823 62.3957 33.541 22.1455 9.43398 46.1257 46.909 29.7336 39.5758 28.3204 45.1836 48.4323 18.3576 41.4367 31.6228 55.2345 25.523 26.9233 73.318 62.882 25.1042 2.23607 61.1614 51.2054 36.1042 22.1455 19.3607 66.396 42.5587 59.2031 29.1548 57.5252 50.5387 57.1444 65.5301 0.0 42.0273 11.4018 30.5667 48.4813 65.3723 24.3516 26.9831 42.45 52.0621 53.0094 31.7805 42.5634 39.1545 53.8516 63.5804 56.0803 29.7542 41.4367 52.0354 26.8328 
35.1402 89.0863 15.2971 72.7085 75.849 23.7065 44.5533 32.5484 32.671 38.4253 81.1984 58.3261 90.3522 31.5753 13.9284 80.8802 62.3887 57.6722 33.1441 29.6142 13.6015 70.1384 6.40312 57.4681 12.1655 30.6757 25.7265 72.3837 64.1339 92.8516 38.8973 21.1108 94.17 32.3883 65.509 39.801 101.566 77.9832 76.509 62.5503 59.5766 94.0092 74.7883 35.0143 46.0977 32.0156 41.4367 96.4815 91.3658 42.0273 0.0 42.3024 70.9715 74.9675 53.1507 45.2769 66.8531 57.4543 75.3784 36.4005 44.4566 82.9682 79.5593 51.6236 78.9137 41.7612 15.2971 59.4415 92.4402 40.3609 
12.3693 54.3091 46.8699 61.7414 63.9531 48.2399 64.711 36.1053 17.0 50.1142 69.3588 24.4131 69.1044 59.3124 50.8574 61.5512 30.0167 25.6431 12.0416 38.0584 47.184 32.9848 39.5059 37.9838 44.1664 50.7444 18.8556 39.4081 29.8329 56.6127 16.2007 27.1983 76.8156 65.2471 28.4764 10.6301 63.9888 54.703 39.6018 24.6982 20.5913 69.8936 41.2311 64.9169 20.1095 62.2115 41.2164 59.1692 69.0277 11.4018 42.3024 0.0 32.6497 51.9789 56.05 16.0312 28.3019 34.0588 55.5597 55.3786 38.0526 45.3907 41.1825 59.2115 60.6554 58.9724 30.0293 50.2892 55.4076 17.5105 
37.8341 30.2485 75.539 71.0634 72.0 75.1372 92.5138 64.2246 43.656 78.0662 76.1052 15.8114 55.6816 83.0662 80.3265 61.0 17.8045 29.9666 39.0521 55.0091 68.1455 7.61577 68.175 46.7859 74.1278 78.6963 47.5178 18.0278 12.8062 24.7588 33.2289 55.8675 68.352 93.146 10.0499 32.3183 32.1403 39.9249 17.4929 8.48528 12.083 51.6773 17.2627 89.4671 31.4006 87.7893 56.0892 26.6271 52.9072 30.5667 70.9715 32.6497 0.0 39.8497 68.9493 28.0179 5.0 36.3593 48.2701 83.3171 59.6571 13.6056 8.60233 81.4414 64.2806 86.5208 58.6984 64.5698 22.53 34.0 
43.2127 19.6469 73.3068 36.2491 36.0555 63.8249 75.1798 54.9181 42.4164 66.7539 38.833 50.9741 17.8045 70.8378 81.452 22.0227 55.4707 27.7307 44.5563 82.413 81.3927 32.28 72.5093 21.5407 75.6218 66.4078 49.2485 57.8705 50.9902 56.2228 60.5553 59.8568 28.6356 81.6088 30.8707 50.2329 45.618 3.16228 23.1975 36.7648 41.1987 19.105 57.0088 76.896 63.5346 75.8947 85.571 53.9351 17.088 48.4813 74.9675 51.9789 39.8497 0.0 100.405 58.5358 41.6293 72.076 9.05539 68.542 41.7852 35.0 43.2969 58.4123 26.6833 68.884 62.6877 36.0694 33.2415 61.8652 
64.3394 97.1122 68.3593 112.606 115.109 75.505 97.6217 82.2832 65.7343 88.1601 120.673 53.1413 117.53 84.5931 66.0076 113.517 52.3927 74.3049 62.4523 26.0 40.0 74.3236 58.5491 89.9497 65.2763 83.1865 61.2944 59.3043 57.0088 82.1523 41.2311 58.5428 125.477 85.0059 72.0069 65.4838 99.0404 103.129 83.1865 65.7419 60.8276 113.527 62.2896 88.1419 38.4708 85.1469 15.6205 87.367 116.246 65.3723 53.1507 56.05 68.9493 100.405 0.0 43.0465 64.2573 34.2345 104.222 89.1067 84.9706 82.053 74.2159 101.93 112.561 94.3663 59.1354 99.985 90.9774 38.6005 
28.0713 54.0886 54.9183 76.3685 78.5348 56.7161 79.8647 51.145 33.0151 65.2679 84.061 13.6015 75.9134 67.7885 58.1378 72.4527 17.2047 32.2025 28.0 27.074 41.1461 32.0156 46.2277 51.8426 53.0094 64.6901 33.2197 27.2029 19.3132 48.1041 6.40312 35.6744 83.3725 73.577 29.1548 24.7386 60.0333 59.763 40.3113 23.0868 18.0278 70.6047 29.6816 73.393 5.0 70.6876 28.7924 51.923 73.3239 24.3516 45.2769 16.0312 28.0179 58.5358 43.0465 0.0 23.0217 18.2483 62.1166 70.5323 54.0093 41.6187 35.2278 75.2404 73.6374 74.2416 38.4911 65.5134 50.5431 6.08276 
34.2505 35.2485 71.8939 71.0282 72.177 71.5536 88.9302 60.641 40.0724 74.4825 76.5682 11.1803 57.9836 79.4825 75.8814 62.0967 14.2127 28.1603 35.4685 50.01 63.1587 10.6301 64.5299 46.0977 70.4826 75.1127 43.8796 17.0294 9.43398 28.4253 28.2422 52.2223 70.2638 90.2711 10.7703 28.7347 37.1214 42.0595 20.5183 6.08276 7.81025 52.4887 17.1172 85.8835 26.4764 84.2056 51.1957 30.8869 55.2092 26.9831 66.8531 28.3019 5.0 41.6293 64.2573 23.0217 0.0 32.2025 49.6488 79.7335 57.8775 18.6056 13.0 79.6618 64.9429 82.9372 55.0533 63.6396 27.53 29.0 
46.2709 68.0161 69.4622 94.541 96.2869 72.5328 95.8047 67.897 51.0405 82.0069 101.307 21.2603 88.9117 83.5225 71.1969 89.4713 18.7883 49.4484 46.0977 31.241 49.5177 42.8019 59.9333 69.0884 67.1193 80.5233 50.2494 25.0799 23.7065 48.0104 22.0907 51.5077 100.303 88.2383 41.7253 42.9535 65.0 72.7613 52.4976 35.3553 31.241 83.6006 28.0713 88.8651 14.0 86.0349 25.2982 53.1507 86.3134 42.45 57.4543 34.0588 36.3593 72.076 34.2345 18.2483 32.2025 0.0 79.0466 86.3627 72.111 48.794 40.4969 93.0484 90.8735 90.9806 54.1202 83.7437 57.6975 19.2354 
43.6236 28.6356 70.7839 27.7849 27.313 61.3021 70.3847 53.0094 42.8273 64.231 29.8329 58.7695 15.1327 67.4685 78.9292 13.0 63.2666 31.241 44.9672 82.458 81.8036 40.7922 72.9201 19.0263 73.0989 63.1506 49.6593 66.2193 58.8727 65.2763 64.3722 60.2677 21.4009 78.4474 38.8973 53.8137 54.231 10.7703 32.0624 44.5601 48.9941 22.8254 65.5134 73.2462 67.1154 72.5672 89.3879 62.9682 17.2627 52.0621 75.3784 55.5597 48.2701 9.05539 104.222 62.1166 49.6488 79.0466 0.0 64.56 38.4708 44.0114 52.1536 52.4786 17.72 64.2573 63.0986 29.6816 42.2019 65.682 
45.4863 82.1402 21.1896 48.3735 51.4782 14.0357 9.48683 19.3874 39.6611 25.2643 56.0892 78.7702 78.6448 5.65685 26.6271 62.2013 84.6445 55.1213 44.4185 64.1249 50.0 81.4297 30.5941 47.0106 24.3516 6.0 37.4003 93.5587 83.7406 107.985 64.7808 40.855 75.0067 15.2971 76.7215 51.0392 108.37 71.6938 80.449 74.8958 72.111 86.977 95.0158 9.0 72.9691 9.48683 76.1052 110.077 81.7435 53.0094 36.4005 55.3786 83.3171 68.542 89.1067 70.5323 79.7335 86.3627 64.56 0.0 26.8328 94.7283 91.9048 19.2354 57.0088 5.38516 32.3883 37.054 94.6364 67.2659 
26.0192 55.6058 32.5842 30.0 33.0151 23.1023 34.2053 15.8114 21.095 26.0312 38.6005 59.2284 53.1507 29.1204 40.7294 38.6394 65.307 29.7325 26.0192 59.0593 54.2784 55.9525 38.0539 20.2485 34.8992 24.7386 23.7697 73.1554 63.3484 83.742 50.3587 32.6816 52.1728 40.025 51.3327 30.4138 81.8398 44.9444 53.0827 51.8656 51.0783 60.4401 74.2763 35.1141 58.1592 34.2053 69.857 84.5996 55.7315 31.7805 44.4566 38.0526 59.6571 41.7852 84.9706 54.0093 57.8775 72.111 38.4708 26.8328 0.0 70.6166 67.3605 22.1359 34.7851 27.8029 35.5126 16.4012 68.1067 53.4603 
49.8308 16.7631 87.5357 69.8598 70.1256 87.9124 102.935 78.2375 55.6527 90.8414 73.44 29.1006 48.0833 95.8414 92.3232 57.0088 30.0063 39.7299 51.0488 68.6132 81.7344 13.505 80.5166 53.0019 86.1244 91.2742 59.5145 26.9072 25.1462 21.587 46.8178 67.8641 62.1691 105.921 18.4716 44.315 20.8806 34.1321 18.6388 20.6936 25.1926 38.0789 25.0 102.242 44.9093 100.564 69.5298 20.5913 44.0114 42.5634 82.9682 45.3907 13.6056 35.0 82.053 41.6187 18.6056 48.794 44.0114 94.7283 70.6166 0.0 9.43398 90.6124 61.2944 96.5666 70.6951 71.0222 9.48683 47.6056 
46.4218 26.0794 84.1268 76.6551 77.3175 83.725 100.956 72.8124 52.2438 86.6539 81.0555 22.0 57.377 91.6539 88.1143 65.123 21.8403 37.7508 47.6398 62.2896 75.7352 12.6491 76.7628 53.2616 82.7155 87.2841 56.1056 17.6918 17.2627 16.4012 40.8186 64.4552 71.3443 101.734 17.0 40.9061 25.0799 43.1673 20.0998 17.0294 20.5913 47.5079 15.6205 98.0548 38.0 96.377 62.2896 18.0278 53.3704 39.1545 79.5593 41.1825 8.60233 43.2969 74.2159 35.2278 13.0 40.4969 52.1536 91.9048 67.3605 9.43398 0.0 89.1403 69.0072 94.5875 67.2862 71.2778 17.8045 41.3038 
47.676 75.0067 37.6431 31.1448 34.0588 28.0179 20.0 27.2029 42.2966 33.7697 38.0526 81.2527 65.0 24.6982 44.5533 47.1275 87.3212 51.5168 47.3814 76.1625 64.8845 77.8208 45.2769 38.2099 40.6079 22.6716 43.0465 95.2556 85.4486 105.522 71.007 49.8722 58.8558 34.176 73.1126 52.3927 101.431 61.4003 73.0785 73.6499 73.1785 75.2928 96.3766 27.5136 79.0569 28.6356 87.6766 106.216 68.8767 53.8516 51.6236 59.2115 81.4414 58.4123 101.93 75.2404 79.6618 93.0484 52.4786 19.2354 22.1359 90.6124 89.1403 0.0 41.2311 15.5242 43.0051 22.8254 87.6983 74.0 
48.9258 46.3249 67.0009 11.4018 10.0 57.4891 60.8276 50.5964 47.4236 60.448 12.1655 72.1249 25.0 61.0737 75.1462 6.40312 77.6459 41.5933 50.2494 87.6926 85.3997 57.0789 72.4707 22.8035 69.316 57.2189 53.4135 81.8841 73.9003 82.7345 75.8904 63.803 18.0 72.0278 54.4518 50.5245 71.8679 28.4605 49.0918 59.7449 61.4041 37.5366 81.4985 66.0076 78.6372 66.0303 96.9992 80.604 29.7321 63.5804 78.9137 60.6554 64.2806 26.6833 112.561 73.6374 64.9429 90.8735 17.72 57.0088 34.7851 61.2944 69.0072 41.2311 0.0 55.3263 66.6339 20.025 59.9083 77.2003 
48.7647 83.4086 26.5707 46.0109 49.0408 19.0263 6.40312 23.0868 42.9418 28.9737 53.3385 82.3468 77.8845 10.8167 31.9061 60.8276 88.2383 56.9595 47.8539 69.2604 55.3624 83.268 35.9026 47.5079 29.7321 11.1803 41.1096 97.0464 87.2067 110.969 68.9837 45.4264 73.2462 18.7883 78.5598 54.2033 109.642 72.0069 80.8845 78.0995 75.3147 86.9253 98.4124 12.083 77.2231 13.6015 81.2219 111.915 81.2712 56.0803 41.7612 58.9724 86.5208 68.884 94.3663 74.2416 82.9372 90.9806 64.2573 5.38516 27.8029 96.5666 94.5875 15.5242 55.3263 0.0 37.1214 35.6931 95.9086 71.7468 
22.8603 77.6281 16.9706 64.5591 67.3533 18.4391 41.7732 23.3585 20.3912 29.2354 73.0098 51.4528 78.0724 29.4109 22.3607 68.6004 55.5154 45.3924 20.8642 33.2415 24.8395 57.8653 11.1803 45.1883 15.8114 26.4764 13.4467 65.5103 57.2605 83.3656 32.6956 8.83095 81.8901 35.2278 53.2359 27.5279 89.2931 65.7033 64.2359 50.2772 47.3035 81.7294 67.915 34.9285 40.8534 32.2025 44.911 85.2761 79.086 29.7542 15.2971 30.0293 58.6984 62.6877 59.1354 38.4911 55.0533 54.1202 63.0986 32.3883 35.5126 70.6951 67.2862 43.0051 66.6339 37.1214 0.0 51.2842 80.1671 35.1141 
37.9473 53.8238 47.5691 13.6015 16.6433 37.9473 41.4849 31.7648 34.4384 41.0161 22.2036 68.0074 42.3792 41.0488 55.7143 25.1794 74.0 36.0139 38.6264 74.3303 70.05 58.6748 53.0388 18.0278 49.8841 37.2156 38.833 80.399 71.1126 86.7298 66.2257 48.4533 38.0132 52.0096 56.1295 40.7922 80.4487 38.9487 53.2259 57.5587 58.0775 52.4786 80.7527 46.0435 70.0928 46.0109 84.5991 86.626 46.0977 41.4367 59.4415 50.2892 64.5698 36.0694 99.985 65.5134 63.6396 83.7437 29.6816 37.054 16.4012 71.0222 71.2778 22.8254 20.025 35.6931 51.2842 0.0 66.888 67.5356 
59.3028 13.6015 97.0077 69.2892 69.2604 88.6572 102.311 78.9823 65.1247 91.5861 72.0347 38.0251 43.2897 96.4749 101.795 54.9181 38.9102 48.6543 60.5208 77.5377 90.6588 22.4295 89.9886 49.5204 95.5964 92.0189 68.9865 35.4683 34.0706 24.3311 55.7422 77.3362 58.0775 106.666 27.396 53.787 14.2127 31.5753 30.1504 29.618 34.117 31.6228 33.2415 102.83 53.8337 101.309 78.4542 21.0238 38.6394 52.0354 92.4402 55.4076 22.53 33.2415 90.9774 50.5431 27.53 57.6975 42.2019 94.6364 68.1067 9.48683 17.8045 87.6983 59.9083 95.9086 80.1671 66.888 0.0 56.53 
