NAME  : Jabali_70_3_0.90_1_5
TYPE : SVRP
MODEL : FINITE_SUPPORT
NUMBER_OF_SCENARIOS : 200
DIMENSION : 70
EDGE_WEIGHT_TYPE : MATRIX
CAPACITY : 133
N_VEHICLES : 3
NODE_COORD_SECTION
1 4946 5021
2 6247 1725
3 3220 5436
4 3212 2174
5 5425 8193
6 7417 4661
7 2120 1573
8 5560 3045
9 5849 1936
10 5074 3272
11 2906 1172
12 3424 2965
13 7903 2011
14 5937 3573
15 4995 6381
16 4586 6058
17 3189 3253
18 3707 4032
19 8337 1942
20 1690 4292
21 4029 3566
22 3582 2396
23 6012 6832
24 2542 18
25 8024 3423
26 5667 8072
27 6671 8967
28 3420 1343
29 7976 5814
30 7320 6860
31 3851 7506
32 5332 1991
33 4085 7284
34 1913 2140
35 5766 1401
36 4779 7024
37 1621 2670
38 6674 5289
39 5847 4627
40 4621 3657
41 4162 7426
42 8679 2782
43 4678 5745
44 2498 338
45 2515 6987
46 689 6942
47 892 3134
48 4139 5599
49 5991 4544
50 9067 2168
51 3565 2178
52 27 6219
53 3283 6576
54 7476 3363
55 2021 6927
56 3172 3034
57 6602 6292
58 3489 7535
59 4134 7696
60 4174 1637
61 1597 4543
62 3748 7265
63 4025 6308
64 8418 3958
65 1033 4867
66 4271 5372
67 6587 2796
68 8414 2466
69 4641 4120
70 5094 5183
DEMAND_SECTION
1 0.0
2 2.0
3 10.0
4 10.0
5 7.0
6 6.0
7 5.0
8 5.0
9 8.0
10 1.0
11 1.0
12 4.0
13 3.0
14 6.0
15 3.0
16 7.0
17 7.0
18 7.0
19 2.0
20 5.0
21 2.0
22 7.0
23 3.0
24 7.0
25 6.0
26 8.0
27 9.0
28 2.0
29 1.0
30 7.0
31 9.0
32 4.0
33 3.0
34 8.0
35 4.0
36 9.0
37 2.0
38 10.0
39 4.0
40 2.0
41 9.0
42 2.0
43 10.0
44 7.0
45 1.0
46 8.0
47 2.0
48 5.0
49 10.0
50 2.0
51 2.0
52 9.0
53 4.0
54 6.0
55 3.0
56 10.0
57 3.0
58 8.0
59 4.0
60 3.0
61 7.0
62 2.0
63 1.0
64 5.0
65 10.0
66 1.0
67 2.0
68 8.0
69 8.0
70 3.0
DEVIATION_SECTION
1 0.0
2 0.666667
3 3.33333
4 3.33333
5 2.33333
6 2.0
7 1.66667
8 1.66667
9 2.66667
10 0.333333
11 0.333333
12 1.33333
13 1.0
14 2.0
15 1.0
16 2.33333
17 2.33333
18 2.33333
19 0.666667
20 1.66667
21 0.666667
22 2.33333
23 1.0
24 2.33333
25 2.0
26 2.66667
27 3.0
28 0.666667
29 0.333333
30 2.33333
31 3.0
32 1.33333
33 1.0
34 2.66667
35 1.33333
36 3.0
37 0.666667
38 3.33333
39 1.33333
40 0.666667
41 3.0
42 0.666667
43 3.33333
44 2.33333
45 0.333333
46 2.66667
47 0.666667
48 1.66667
49 3.33333
50 0.666667
51 0.666667
52 3.0
53 1.33333
54 2.0
55 1.0
56 3.33333
57 1.0
58 2.66667
59 1.33333
60 1.0
61 2.33333
62 0.666667
63 0.333333
64 1.66667
65 3.33333
66 0.333333
67 0.666667
68 2.66667
69 2.66667
70 1.0
DISTANCE_MATRIX
0.0 48.0416 25.3225 45.5066 43.6634 36.2737 61.5893 28.0179 44.0454 23.7697 59.2166 36.1783 57.2645 23.7697 19.2627 14.0357 36.3096 27.2047 61.4674 52.7517 24.2757 40.8055 37.2974 75.3424 47.5461 43.4352 68.6486 53.9742 43.8373 46.2033 36.2215 41.7732 33.0606 59.1808 50.2494 26.4822 59.2166 26.1082 13.9403 23.2047 34.0147 58.7234 10.0499 71.8764 42.72 63.8576 65.8999 12.8062 15.2315 67.287 42.8171 70.2471 30.8869 41.0385 47.8017 37.6007 34.0165 38.833 37.0 47.1699 55.0981 34.5254 21.1896 54.7187 63.1128 10.6301 37.6431 58.2221 14.2127 2.23607 
48.0416 0.0 64.2573 40.7063 87.6641 39.184 55.6597 20.2237 5.65685 26.2488 45.7056 41.0366 24.1868 25.318 67.0077 62.0725 44.5533 44.7214 29.4279 68.7211 38.0789 36.8917 68.1542 56.1427 33.541 86.122 97.8735 38.833 58.258 70.4811 84.214 12.2066 81.0987 58.6003 7.28011 74.0608 63.2851 50.1041 39.6232 42.0555 82.0549 36.2215 58.0775 54.0093 87.7179 103.354 73.8173 58.8558 38.833 39.3192 36.7151 103.575 76.9484 28.0179 91.4483 43.8634 61.0983 86.5794 85.0235 28.1603 71.0675 82.3893 68.593 41.6773 79.0822 55.9017 15.0 32.0156 38.6005 49.0 
25.3225 64.2573 0.0 43.1816 47.7074 61.2392 53.9387 44.8745 59.1354 38.0789 56.8869 32.7811 79.8548 46.5887 26.5153 20.0998 29.2535 20.2237 84.8174 34.3739 27.2947 40.8012 40.5465 72.7048 72.5088 48.3735 66.6483 54.225 65.6978 57.7568 29.4109 54.5711 28.3196 48.4009 64.0312 29.5296 44.8152 51.0737 38.9058 34.2312 29.7321 83.6861 20.0998 69.1041 24.0832 42.776 47.5221 13.1529 40.197 92.2359 42.9714 49.1655 16.1555 65.8521 27.3971 31.4787 46.9875 29.0689 32.6497 52.1536 36.7202 26.6271 16.1245 77.191 44.735 14.7859 58.645 83.1873 31.3935 26.1803 
45.5066 40.7063 43.1816 0.0 86.1043 65.2032 17.1172 33.0151 35.3412 28.6356 14.2127 10.8167 63.9062 40.4475 62.5578 55.6419 13.9284 26.4008 69.2892 36.1248 22.0227 5.09902 72.7281 30.4795 66.1211 86.7303 104.158 11.1803 79.0339 81.634 71.5891 28.6356 69.7711 18.0278 35.805 67.7247 22.8035 61.0339 47.4236 34.3019 71.1196 73.5459 54.793 26.9072 65.9242 73.1642 33.9411 47.793 47.927 78.7464 4.12311 69.2892 59.1764 59.0762 67.1863 11.7047 69.4472 71.8679 74.2428 14.2127 38.3275 68.942 55.9464 72.0278 44.9222 49.3986 45.5412 70.342 31.4642 47.5113 
43.6634 87.6641 47.7074 86.1043 0.0 53.0377 98.2904 68.9638 84.6463 66.1174 100.22 75.297 89.2749 62.3699 28.4008 31.241 72.5138 60.009 91.7878 82.3962 67.0873 83.6509 20.0 116.338 72.1803 2.82843 19.6469 96.7858 45.618 30.2324 23.0868 83.4865 21.587 92.8746 91.214 18.4391 89.2889 43.0 48.0521 66.0162 20.3961 84.1724 34.463 112.734 42.0476 66.1891 92.253 38.8973 48.8365 93.6216 85.8869 77.026 35.7351 70.2567 48.0 74.7206 29.4279 27.0 19.0263 90.0329 70.7665 25.318 31.6228 67.72 71.0263 41.1096 74.4312 86.3134 56.8638 55.8221 
36.2737 39.184 61.2392 65.2032 53.0377 0.0 82.2797 32.1905 39.184 37.4835 75.5138 59.6839 36.3456 25.767 39.778 42.778 61.4098 53.946 39.2938 81.637 50.1129 60.1759 33.0606 89.3277 21.095 51.0 60.4401 68.681 21.6333 31.7648 57.4425 42.5793 53.8429 82.2797 45.4071 44.368 84.1725 14.1655 23.8274 49.946 54.225 33.6155 45.8403 86.4959 69.9805 94.134 92.2467 48.9064 31.4009 42.9418 61.2573 106.164 58.3693 17.4642 76.0533 61.9852 24.1868 61.2573 56.4487 58.0458 83.9834 56.8198 48.2183 20.8087 91.9982 46.4624 24.2071 34.5398 44.4146 36.7202 
61.5893 55.6597 53.9387 17.1172 98.2904 82.2797 0.0 50.0899 50.6952 45.7056 12.0416 25.4951 79.555 57.5587 74.7476 67.8316 26.6271 40.2244 84.8999 40.4969 37.5766 22.2036 88.7788 21.2132 83.0241 98.4426 116.348 17.4929 95.3923 97.7371 82.4795 44.1475 80.8884 8.0 49.7695 79.9062 16.0312 77.3923 63.9062 50.3847 82.2701 89.9444 66.9828 18.0278 72.8118 74.108 26.9258 59.9828 64.5136 94.5939 21.0238 67.3647 70.2625 76.0066 72.546 24.6982 85.5503 82.2368 85.3392 27.5136 41.7612 79.7864 67.3857 89.0898 45.1774 61.5883 62.2013 86.4928 47.547 63.5941 
28.0179 20.2237 44.8745 33.0151 68.9638 32.1905 50.0899 0.0 16.0312 7.07107 43.6807 28.1603 35.4683 8.60233 47.1774 42.0 30.4631 26.2488 40.6079 52.6558 20.6155 28.0 50.1597 58.1808 33.3766 67.6757 81.0062 37.0 51.266 55.3609 64.0703 14.7648 61.0082 50.2494 22.3607 54.397 52.6308 34.0156 21.4709 22.6433 62.0 42.1545 38.0 55.1543 68.3057 84.8533 61.4654 38.6394 21.095 48.8774 29.0689 87.1096 56.7713 26.3059 72.037 30.6757 44.6542 66.3702 65.0077 26.8328 55.0022 62.2013 48.3735 39.0128 63.0169 35.6931 14.4222 39.8246 18.7883 29.1548 
44.0454 5.65685 59.1354 35.3412 84.6463 39.184 50.6952 16.0312 0.0 21.3776 41.1947 35.3836 28.8617 22.4722 63.2046 58.0086 38.8973 39.3954 34.2053 63.0924 32.6497 31.3847 65.4599 52.6118 35.7351 83.2406 95.7549 34.2345 58.2595 69.4104 80.025 6.7082 77.0 53.3104 6.7082 70.4241 57.8014 48.0652 36.6879 37.0483 78.0064 40.0 54.0093 50.2494 82.7103 97.9494 68.2422 54.3323 36.0555 43.9318 31.305 97.946 72.3094 29.5466 86.4004 38.2099 59.0339 82.2192 81.0247 23.3452 65.4388 78.1025 64.195 43.4626 73.4535 51.3517 15.2643 36.1248 33.7343 45.1774 
23.7697 26.2488 38.0789 28.6356 66.1174 37.4835 45.7056 7.07107 21.3776 0.0 40.7185 22.2036 42.5206 12.0 43.0 37.3363 24.0416 19.2094 47.634 45.6751 13.6015 23.5372 48.0208 56.0803 39.2938 64.973 79.3221 34.4819 52.0156 55.3173 59.0339 18.1108 56.1427 45.0 27.0185 50.2195 46.6905 34.0156 20.5183 15.8489 57.2189 48.7545 33.3766 52.8394 61.5112 77.845 55.0273 33.0606 20.6155 55.7584 25.0 80.1601 50.9616 32.28 65.2426 24.5153 43.8634 61.0328 60.2993 25.4951 48.0214 57.0 43.0116 44.318 56.0362 30.0666 21.4009 46.6476 12.3693 25.2982 
59.2166 45.7056 56.8869 14.2127 100.22 75.5138 12.0416 43.6807 41.1947 40.7185 0.0 25.0 69.8713 51.8652 76.6731 69.7571 27.7849 40.6079 75.1332 47.3814 36.0694 18.4391 86.2944 16.2788 75.326 100.846 118.274 7.0 92.2011 95.1315 85.4225 35.0143 83.7257 18.7883 39.2938 81.84 26.5707 74.2011 60.5392 48.0119 85.0882 81.0987 68.9083 12.7279 78.5875 83.0963 38.0789 61.9083 60.9016 85.0 16.4012 77.4661 72.8816 68.469 79.2472 25.5539 83.0135 85.5748 88.193 18.0 49.163 82.7345 69.9714 82.0366 54.1479 63.5138 54.1479 77.3175 45.1742 61.2213 
36.1783 41.0366 32.7811 10.8167 75.297 59.6839 25.4951 28.1603 35.3836 22.2036 25.0 0.0 62.2656 34.1321 51.7505 44.8346 4.12311 15.6205 67.6018 28.7531 12.083 8.06226 65.7818 41.2311 61.3922 75.923 93.351 21.5407 69.9898 72.3261 60.9262 29.0 59.0339 23.1948 37.8021 56.9174 24.5153 51.9898 38.6005 24.9737 60.3738 70.2282 43.9857 37.6431 56.2228 66.0227 33.541 36.9857 39.2938 76.4853 10.198 63.5295 48.7647 54.3415 58.0086 2.82843 60.1392 61.3514 63.5059 20.2237 31.0995 58.3095 45.1774 66.5184 38.9487 38.5913 42.1545 67.624 22.1359 38.183 
57.2645 24.1868 79.8548 63.9062 89.2749 36.3456 79.555 35.4683 28.8617 42.5206 69.8713 62.2656 0.0 34.4093 73.7844 71.0263 65.192 61.5224 5.38516 88.0807 56.0803 59.6154 69.3542 80.0062 18.9737 87.1436 94.7629 62.9682 49.7293 64.7765 92.0329 35.4401 88.5438 81.9329 31.0161 79.8179 85.9069 50.5077 45.31 57.6236 89.1852 13.8924 67.113 78.0256 99.8499 119.973 95.7706 69.8355 44.0114 15.1327 59.808 121.853 88.1192 19.0263 104.669 65.0 60.0333 95.4909 91.7606 52.1728 90.4271 91.0198 78.4411 26.8328 98.4418 67.2309 21.2132 8.94427 53.1507 57.711 
23.7697 25.318 46.5887 40.4475 62.3699 25.767 57.5587 8.60233 22.4722 12.0 51.8652 34.1321 34.4093 0.0 42.1123 37.6563 35.6931 28.3576 39.0512 56.0486 24.3516 35.3553 43.0116 66.6408 27.8568 60.8769 73.3485 45.31 44.8425 47.199 59.8449 22.8035 56.5901 57.0 29.1548 49.0102 58.5491 25.8537 14.3178 24.3576 57.4735 38.2753 33.7343 63.561 65.7431 86.7068 66.4831 35.8469 13.6015 46.0977 36.6742 88.8416 54.231 21.0238 70.5121 36.3456 36.7151 62.5859 60.3361 35.3553 58.395 58.2495 44.9222 32.6015 66.4097 33.1059 13.9284 36.8782 19.2094 24.3411 
19.2627 67.0077 26.5153 62.5578 28.4008 39.778 74.7476 47.1774 63.2046 43.0 76.6731 51.7505 73.7844 42.1123 0.0 7.0 48.9673 36.4625 77.4544 55.2728 42.6865 59.2501 18.0312 92.7911 60.3081 28.1725 45.6005 72.385 43.1825 35.2415 22.2485 61.0339 18.7631 69.3956 69.4759 11.2195 65.7141 29.6125 28.6833 41.6155 19.4642 72.801 10.0623 89.1872 34.2025 58.356 68.421 15.0384 29.8927 82.2385 61.4862 65.8905 22.5913 56.629 40.2753 51.1741 24.4722 25.7065 22.2237 65.6321 55.4204 21.2354 12.4403 58.223 55.6802 16.8661 55.6004 73.8188 32.4631 18.0312 
14.0357 62.0725 20.0998 55.6419 31.241 42.778 67.8316 42.0 58.0086 37.3363 69.7571 44.8346 71.0263 37.6563 7.0 0.0 42.0513 29.5466 75.2292 48.2851 36.482 52.3341 21.0312 85.8752 61.3079 31.1127 48.6004 66.2049 46.1825 38.2415 22.2036 55.4437 19.0263 62.4796 64.1249 13.4164 58.8997 32.6125 27.7021 35.4109 20.0 72.4852 4.0 82.2712 31.1127 54.3783 61.4334 8.06226 28.9933 81.0488 54.5702 61.1661 19.105 54.8003 36.8782 44.2582 27.4722 25.0 23.0217 59.4275 50.6315 20.6155 8.48528 61.223 50.9205 9.89949 51.4608 71.9901 26.2488 13.3417 
36.3096 44.5533 29.2535 13.9284 72.5138 61.4098 26.6271 30.4631 38.8973 24.0416 27.7849 4.12311 65.192 35.6931 48.9673 42.0513 0.0 13.6015 70.4911 24.7079 12.0416 12.0 62.9985 43.8292 63.3246 72.6623 90.5678 25.0 70.1211 72.4574 57.6975 32.6497 55.9464 23.0868 41.6173 54.1342 23.0217 52.1211 38.7519 25.105 57.3062 72.6154 41.2025 40.2244 52.345 61.9774 31.0161 34.2025 39.5011 79.177 14.0357 59.5399 45.2483 56.3205 54.0 2.23607 60.2706 57.9396 60.4152 24.3311 27.0542 55.0364 42.19 68.2443 34.9857 35.808 44.7214 70.214 22.2673 38.3143 
27.2047 44.7214 20.2237 26.4008 60.009 53.946 40.2244 26.2488 39.3954 19.2094 40.6079 15.6205 61.5224 28.3576 36.4625 29.5466 13.6015 0.0 66.5282 28.0291 7.07107 22.8254 50.4938 56.8507 56.0977 60.635 78.063 36.7151 61.2572 63.3524 46.1736 34.4819 44.0114 36.2491 43.9659 41.6294 34.7131 43.2572 29.6469 16.0 45.31 66.5733 28.6977 53.2635 44.2832 58.6686 40.1123 21.6977 30.3961 74.2024 25.0599 61.0625 35.1283 49.3573 47.9047 15.6205 51.1656 47.0744 48.4665 32.7567 30.3754 43.6807 30.0832 60.7805 38.3902 23.3033 40.3113 65.0 13.1623 29.2094 
61.4674 29.4279 84.8174 69.2892 91.7878 39.2938 84.8999 40.6079 34.2053 47.634 75.1332 67.6018 5.38516 39.0512 77.4544 75.2292 70.4911 66.5282 0.0 93.2575 61.2209 65.0 72.0069 85.0059 20.025 89.56 96.2549 68.2495 50.636 66.1891 95.7029 40.8044 92.2045 87.3155 36.1248 83.4535 91.2853 53.4198 49.1935 62.5862 92.8307 11.4018 71.3159 83.0963 104.101 124.935 101.119 74.0945 47.8539 10.0 65.192 127.07 92.3224 21.8403 109.004 70.3278 62.3939 99.161 95.3964 57.4891 95.6039 94.6898 82.644 26.9258 103.619 71.5612 26.2488 6.7082 58.0 61.9139 
52.7517 68.7211 34.3739 36.1248 82.3962 81.637 40.4969 52.6558 63.0924 45.6751 47.3814 28.7531 88.0807 56.0486 55.2728 48.2851 24.7079 28.0291 93.2575 0.0 32.0771 35.9812 69.304 61.4003 83.7893 83.7313 102.015 47.0106 88.6774 86.5143 60.5965 57.0658 60.9716 33.1059 66.1956 66.1956 26.6271 70.9483 57.3379 43.691 62.2904 94.2949 46.3744 57.9741 49.2176 37.3631 24.1868 40.2361 58.0871 101.413 37.691 35.805 46.6683 77.0484 32.4975 26.1434 75.745 58.6426 64.544 48.6155 2.82843 57.8474 54.6167 88.4715 12.2066 42.2151 67.064 92.272 40.8533 53.6096 
24.2757 38.0789 27.2947 22.0227 67.0873 50.1129 37.5766 20.6155 32.6497 13.6015 36.0694 12.083 56.0803 24.3516 42.6865 36.482 12.0416 7.07107 61.2209 32.0771 0.0 17.6918 51.5175 52.3259 52.2015 66.859 84.287 31.4006 58.0872 60.4235 52.6308 27.5136 50.3131 34.9285 37.0 47.8932 35.0 40.0872 26.718 13.0711 51.5935 62.1772 32.7031 48.7955 51.3517 65.2998 42.2019 27.9615 27.4671 69.3397 19.8494 66.9307 42.0476 45.31 54.6263 13.3417 48.2366 53.7587 54.7539 26.2488 34.4235 50.2195 36.4005 56.9473 42.4382 29.5671 35.0 60.208 10.2333 26.2804 
40.8055 36.8917 40.8012 5.09902 83.6509 60.1759 22.2036 28.0 31.3847 23.5372 18.4391 8.06226 59.6154 35.3553 59.2501 52.3341 12.0 22.8254 65.0 35.9812 17.6918 0.0 67.957 34.6554 61.2046 83.4226 100.851 13.8924 74.1202 76.8505 68.7095 24.6982 66.7083 22.561 32.5576 64.417 26.4197 56.1202 42.4853 29.6008 68.0294 68.884 49.2329 31.1448 64.2806 73.2508 37.0135 44.4853 42.9535 74.3303 2.23607 70.2638 56.7539 54.1479 66.0 10.0499 64.6761 69.2604 71.1758 12.6491 38.3275 66.1287 52.8015 67.0075 45.6946 46.0908 40.7922 65.8027 26.7631 42.8102 
37.2974 68.1542 40.5465 72.7281 20.0 33.0606 88.7788 50.1597 65.4599 48.0208 86.2944 65.7818 69.3542 43.0116 18.0312 21.0312 62.9985 50.4938 72.0069 69.304 51.5175 67.957 0.0 102.304 52.6308 18.1108 31.4006 80.7698 29.0 17.72 29.2062 64.8845 25.807 83.4268 72.111 16.1245 79.7453 23.0 28.7924 50.4465 25.6125 64.846 24.0935 98.8842 45.6946 70.5762 82.4522 29.0696 29.4109 74.3303 69.906 79.0759 35.171 50.3587 52.0 65.2053 10.2956 33.6006 26.8701 72.9598 69.4517 29.6816 26.0768 48.8467 69.1808 30.8973 54.5894 66.7083 42.3308 37.7439 
75.3424 56.1427 72.7048 30.4795 116.338 89.3277 21.2132 58.1808 52.6118 56.0803 16.2788 41.2311 80.0062 66.6408 92.7911 85.8752 43.8292 56.8507 85.0059 61.4003 52.3259 34.6554 102.304 0.0 88.0738 116.964 134.392 21.6333 107.92 111.018 101.246 47.2969 99.6444 29.1548 49.0408 97.958 37.054 89.9204 76.2758 64.1378 101.02 92.3472 85.0263 3.60555 93.3035 95.2575 47.1699 78.0263 76.5506 95.0053 32.5576 88.0909 88.6995 81.4923 93.622 41.6173 99.0202 101.393 104.101 31.3847 62.8172 98.5524 85.9826 95.3362 66.3702 79.6319 66.9403 88.1419 61.3 77.3471 
47.5461 33.541 72.5088 66.1211 72.1803 21.095 83.0241 33.3766 35.7351 39.2938 75.326 61.3922 18.9737 27.8568 60.3081 61.3079 63.3246 56.0977 20.025 83.7893 52.2015 61.2046 52.6308 88.0738 0.0 69.8713 76.2365 68.3593 30.8058 46.1736 77.9725 40.7922 74.3729 83.6002 40.7185 64.898 85.9069 34.6956 34.9091 52.0983 74.755 12.53 57.3946 85.5102 90.1797 111.044 94.255 60.1788 33.5532 21.9317 62.0725 116.582 78.4011 7.07107 95.1481 63.7887 42.7551 81.7873 76.9787 57.4282 86.1357 77.3498 68.7227 8.48528 94.1504 57.7344 21.2132 14.1421 46.5296 47.9926 
43.4352 86.122 48.3735 86.7303 2.82843 51.0 98.4426 67.6757 83.2406 64.973 100.846 75.923 87.1436 60.8769 28.1725 31.1127 72.6623 60.635 89.56 83.7313 66.859 83.4226 18.1108 116.964 69.8713 0.0 18.3848 96.5575 42.9535 27.4591 25.0 82.28 23.1948 93.086 89.8443 18.868 89.5003 41.0512 46.5725 65.788 22.0907 81.7863 34.2348 113.36 44.0 68.3593 93.5881 38.9487 47.2969 91.2195 85.6587 79.0 37.108 68.1175 50.04 74.8692 27.1662 29.0689 21.0238 89.8046 72.1016 27.074 32.249 65.2534 72.3614 41.0122 72.6911 84.0119 56.6356 54.6777 
68.6486 97.8735 66.6483 104.158 19.6469 60.4401 116.348 81.0062 95.7549 79.3221 118.274 93.351 94.7629 73.3485 45.6005 48.6004 90.5678 78.063 96.2549 102.015 84.287 100.851 31.4006 134.392 76.2365 18.3848 0.0 112.121 46.0109 30.0666 42.5793 95.7706 41.2311 110.88 102.46 37.1214 107.282 51.7695 59.5399 83.2159 40.025 87.0 51.6627 130.788 61.4003 85.0 111.872 56.6127 59.9416 96.0469 103.087 96.2549 55.3624 76.1183 67.1863 92.7746 36.7696 46.2709 38.4708 104.311 90.3851 44.911 50.5371 70.0 90.6449 58.4665 83.7253 90.0888 73.6819 69.095 
53.9742 38.833 54.225 11.1803 96.7858 68.681 17.4929 37.0 34.2345 34.4819 7.0 21.5407 62.9682 45.31 72.385 66.2049 25.0 36.7151 68.2495 47.0106 31.4006 13.8924 80.7698 21.6333 68.3593 96.5575 112.121 0.0 86.2873 89.4036 82.4621 28.0179 80.5295 22.6716 32.573 78.2877 29.6816 68.2873 54.6443 42.7696 81.8596 74.108 62.4016 18.3576 77.1038 83.7257 41.3401 58.356 54.9181 78.0897 11.6619 79.1202 70.2197 61.5224 78.3135 22.8035 77.4661 82.8734 85.0 11.0 49.0918 79.8499 66.6408 75.1332 55.109 59.9616 47.1699 70.3491 39.9318 55.9789 
43.8373 58.258 65.6978 79.0339 45.618 21.6333 95.3923 51.266 58.2595 52.0156 92.2011 69.9898 49.7293 44.8425 43.1825 46.1825 70.1211 61.2572 50.636 88.6774 58.0872 74.1202 29.0 107.92 30.8058 42.9535 46.0109 86.2873 0.0 16.2788 58.0517 61.6548 54.5619 92.9923 64.4825 44.6878 93.2691 22.0 31.6619 57.2572 54.4885 41.0122 49.2448 104.599 73.2462 97.5385 99.8228 54.2209 31.4018 50.04 75.9464 105.073 61.7738 32.2025 79.404 71.4122 19.2094 62.3699 55.8659 77.4891 91.0238 58.258 51.6228 24.0208 99.0385 54.026 43.2826 44.2832 49.1204 44.2838 
46.2033 70.4811 57.7568 81.634 30.2324 31.7648 97.7371 55.3609 69.4104 55.3173 95.1315 72.3261 64.7765 47.199 35.2415 38.2415 72.4574 63.3524 66.1891 86.5143 60.4235 76.8505 17.72 111.018 46.1736 27.4591 30.0666 89.4036 16.2788 0.0 46.1411 69.9607 42.9418 95.3286 76.1183 33.6155 95.3643 25.3452 34.8281 59.3524 42.5441 57.0351 41.3038 107.648 63.3246 88.2553 99.6625 46.2799 34.7131 66.1891 78.7718 96.7729 52.8867 46.3249 69.6419 73.7485 12.6491 50.6063 43.2666 80.8084 86.662 46.9574 43.566 40.05 86.9218 48.1076 55.5042 60.0333 51.2367 46.6498 
36.2215 84.214 29.4109 71.5891 23.0868 57.4425 82.4795 64.0703 80.025 59.0339 85.4225 60.9262 92.0329 59.8449 22.2485 22.2036 57.6975 46.1736 95.7029 60.5965 52.6308 68.7095 29.2062 101.246 77.9725 25.0 42.5793 82.4621 58.0517 46.1411 0.0 77.1038 3.60555 77.3481 86.0058 13.4536 72.1566 47.2769 46.9318 56.3587 3.60555 90.4654 26.1725 97.6448 19.0 43.566 70.4533 26.3059 48.1411 99.9029 70.9366 54.0 14.2127 74.8775 25.0799 59.9333 38.8973 4.47214 4.12311 78.848 48.9668 2.82843 16.2788 75.7166 48.53 29.2746 73.6493 92.0673 47.2652 35.5106 
41.7732 12.2066 54.5711 28.6356 83.4865 42.5793 44.1475 14.7648 6.7082 18.1108 35.0143 29.0 35.4401 22.8035 61.0339 55.4437 32.6497 34.4819 40.8044 57.0658 27.5136 24.6982 64.8845 47.2969 40.7922 82.28 95.7706 28.0179 61.6548 69.9607 77.1038 0.0 74.2428 46.6154 9.48683 68.2534 51.1077 48.6154 36.2353 33.074 75.326 46.0977 51.4782 44.7214 78.4474 92.6485 61.6117 51.0 35.8469 50.448 24.5967 91.9194 68.3593 34.2053 81.9399 31.8277 59.3633 79.0 78.4092 17.0294 59.4122 75.0267 61.0082 48.0833 67.424 48.0 19.6469 42.4264 30.0167 43.1741 
33.0606 81.0987 28.3196 69.7711 21.587 53.8429 80.8884 61.0082 77.0 56.1427 83.7257 59.0339 88.5438 56.5901 18.7631 19.0263 55.9464 44.0114 92.2045 60.9716 50.3131 66.7083 25.807 99.6444 74.3729 23.1948 41.2311 80.5295 54.5619 42.9418 3.60555 74.2428 0.0 75.3506 83.0542 9.89949 72.5317 43.6773 43.4464 53.676 1.41421 86.8658 23.0217 96.0417 21.2132 46.0977 70.8284 23.7697 44.6557 96.3033 68.942 56.0803 14.3178 71.3791 27.4591 58.1808 35.3836 7.81025 4.47214 76.5531 49.3419 4.12311 13.9284 72.111 49.3366 26.6833 70.3634 88.1639 44.5533 32.249 
59.1808 58.6003 48.4009 18.0278 92.8746 82.2797 8.0 50.2494 53.3104 45.0 18.7883 23.1948 81.9329 57.0 69.3956 62.4796 23.0868 36.2491 87.3155 33.1059 34.9285 22.561 83.4268 29.1548 83.6002 93.086 110.88 22.6716 92.9923 95.3286 77.3481 46.6154 75.3506 0.0 53.3385 74.4453 8.06226 74.9923 61.6231 47.9762 76.7323 91.444 61.6308 26.0192 65.9691 66.1211 19.3132 54.6308 62.3699 96.7678 22.1359 59.4138 63.4199 76.531 64.8984 21.587 83.1418 75.3941 79.8014 31.0644 34.176 74.5989 61.8478 89.0898 37.2156 56.2363 63.3482 88.3233 45.1385 61.1856 
50.2494 7.28011 64.0312 35.805 91.214 45.4071 49.7695 22.3607 6.7082 27.0185 39.2938 37.8021 31.0161 29.1548 69.4759 64.1249 41.6173 43.9659 36.1248 66.1956 37.0 32.5576 72.111 49.0408 40.7185 89.8443 102.46 32.573 64.4825 76.1183 86.0058 9.48683 83.0542 53.3385 0.0 76.6955 58.6003 54.7731 43.3244 42.3456 84.0952 43.4166 60.1332 47.0106 87.8635 102.097 69.527 60.075 42.72 46.0977 32.0156 101.049 77.6493 34.9857 91.3893 40.6079 65.7419 88.0511 87.1436 22.3607 68.5419 84.006 70.0286 48.7647 76.5506 57.0789 21.2603 39.1152 39.2046 51.4782 
26.4822 74.0608 29.5296 67.7247 18.4391 44.368 79.9062 54.397 70.4241 50.2195 81.84 56.9174 79.8179 49.0102 11.2195 13.4164 54.1342 41.6294 83.4535 66.1956 47.8932 64.417 16.1245 97.958 64.898 18.868 37.1214 78.2877 44.6878 33.6155 13.4536 68.2534 9.89949 74.4453 76.6955 0.0 70.8596 34.2025 35.2278 48.72 10.0 77.391 17.088 94.3541 29.7321 54.7083 76.0524 20.6155 36.3456 86.8285 66.6531 63.7887 20.025 62.6281 36.0555 56.341 25.4951 17.6918 12.083 72.7367 54.5659 13.6015 13.4164 62.434 54.8258 23.0217 62.2896 78.689 39.5601 25.2508 
59.2166 63.2851 44.8152 22.8035 89.2889 84.1725 16.0312 52.6308 57.8014 46.6905 26.5707 24.5153 85.9069 58.5491 65.7141 58.8997 23.0217 34.7131 91.2853 26.6271 35.0 26.4197 79.7453 37.054 85.9069 89.5003 107.282 29.6816 93.2691 95.3643 72.1566 51.1077 72.5317 8.06226 58.6003 70.8596 0.0 75.2691 61.6588 48.0119 73.8505 94.5569 58.0509 34.0 59.4163 58.2151 11.6619 51.0509 62.408 100.464 26.6271 51.3517 58.2284 78.8543 57.7754 22.2036 83.1775 70.2027 76.1041 36.7967 27.2947 69.4075 58.2622 91.0069 29.4279 52.6564 66.4078 91.7606 45.1742 61.2213 
26.1082 50.1041 51.0737 61.0339 43.0 14.1655 77.3923 34.0156 48.0652 34.0156 74.2011 51.9898 50.5077 25.8537 29.6125 32.6125 52.1211 43.2572 53.4198 70.9483 40.0872 56.1202 23.0 89.9204 34.6956 41.0512 51.7695 68.2873 22.0 25.3452 47.2769 48.6154 43.6773 74.9923 54.7731 34.2025 75.2691 0.0 13.6619 39.2572 44.0595 47.1885 35.6748 86.5991 59.815 83.9685 82.0937 38.7409 13.4018 56.626 57.9464 95.9983 48.2038 31.6142 65.8878 53.4122 15.0 51.0918 46.2832 59.4891 73.2946 46.6542 38.0528 32.6105 81.3094 36.2969 35.9559 48.4866 31.1204 26.5547 
13.9403 39.6232 38.9058 47.4236 48.0521 23.8274 63.9062 21.4709 36.6879 20.5183 60.5392 38.6005 45.31 14.3178 28.6833 27.7021 38.7519 29.6469 49.1935 57.3379 26.718 42.4853 28.7924 76.2758 34.9091 46.5725 59.5399 54.6443 31.6619 34.8281 46.9318 36.2353 43.4464 61.6231 43.3244 35.2278 61.6588 13.6619 0.0 25.6469 44.1476 46.0864 23.7888 72.9452 56.5739 77.4409 68.4833 26.573 1.41421 54.65 44.2945 83.8305 44.7953 28.4015 61.5423 40.043 23.4307 50.3899 46.8722 46.0109 59.6843 45.9187 35.1169 39.5913 67.699 24.129 27.074 45.5913 18.1108 14.3868 
23.2047 42.0555 34.2312 34.3019 66.0162 49.946 50.3847 22.6433 37.0483 15.8489 48.0119 24.9737 57.6236 24.3576 41.6155 35.4109 25.105 16.0 62.5862 43.691 13.0711 29.6008 50.4465 64.1378 52.0983 65.788 83.2159 42.7696 57.2572 59.3524 56.3587 33.074 53.676 47.9762 42.3456 48.72 48.0119 39.2572 25.6469 0.0 54.8365 62.6039 31.632 60.6717 57.6624 74.3493 54.8365 30.0832 26.3961 70.2028 31.6125 76.484 47.3038 45.3573 61.3937 26.3961 47.1656 58.0384 57.9711 36.0167 46.0374 54.1664 40.1321 56.7805 54.0521 27.095 36.4138 61.0 9.16228 25.2094 
34.0147 82.0549 29.7321 71.1196 20.3961 54.225 82.2701 62.0 78.0064 57.2189 85.0882 60.3738 89.1852 57.4735 19.4642 20.0 57.3062 45.31 92.8307 62.2904 51.5935 68.0294 25.6125 101.02 74.755 22.0907 40.025 81.8596 54.4885 42.5441 3.60555 75.326 1.41421 76.7323 84.0952 10.0 73.8505 44.0595 44.1476 54.8365 0.0 87.248 24.0 97.4166 22.0907 46.8722 72.1472 25.0 45.3542 96.6855 70.2638 57.0351 15.6525 72.0053 28.2843 59.5399 35.3553 8.06226 3.16228 77.8335 50.6607 5.0 15.2315 72.4017 50.6015 27.8927 71.0646 88.546 45.7056 33.1361 
58.7234 36.2215 83.6861 73.5459 84.1724 33.6155 89.9444 42.1545 40.0 48.7545 81.0987 70.2282 13.8924 38.2753 72.801 72.4852 72.6154 66.5733 11.4018 94.2949 62.1772 68.884 64.846 92.3472 12.53 81.7863 87.0 74.108 41.0122 57.0351 90.4654 46.0977 86.8658 91.444 43.4166 77.391 94.5569 47.1885 46.0864 62.6039 87.248 0.0 68.5718 90.1388 101.357 122.221 103.619 71.3561 44.7305 9.48683 69.4262 127.088 89.5784 17.6918 106.325 72.8011 54.8179 94.2802 89.4717 63.1269 96.6413 89.8427 79.9 17.0 104.656 68.9117 28.1603 5.0 57.4282 59.1699 
10.0499 58.0775 20.0998 54.793 34.463 45.8403 66.9828 38.0 54.0093 33.3766 68.9083 43.9857 67.113 33.7343 10.0623 4.0 41.2025 28.6977 71.3159 46.3744 32.7031 49.2329 24.0935 85.0263 57.3946 34.2348 51.6627 62.4016 49.2448 41.3038 26.1725 51.4782 23.0217 61.6308 60.1332 17.088 58.0509 35.6748 23.7888 31.632 24.0 68.5718 0.0 81.4224 34.0588 56.6127 60.7578 7.0 25.08 77.1355 51.2445 63.0768 22.0227 50.887 39.598 43.4093 30.5345 28.8617 27.0185 55.6487 48.7208 24.5153 11.6619 64.2852 56.7355 7.61577 47.5475 68.0767 22.4722 9.48683 
71.8764 54.0093 69.1041 26.9072 112.734 86.4959 18.0278 55.1543 50.2494 52.8394 12.7279 37.6431 78.0256 63.561 89.1872 82.2712 40.2244 53.2635 83.0963 57.9741 48.7955 31.1448 98.8842 3.60555 85.5102 113.36 130.788 18.3576 104.599 107.648 97.6448 44.7214 96.0417 26.0192 47.0106 94.3541 34.0 86.5991 72.9452 60.6717 97.4166 90.1388 81.4224 0.0 89.8109 92.1358 44.4072 74.4224 73.2462 93.086 29.0689 85.2115 85.0988 78.8543 90.2447 38.0132 95.6033 97.792 100.499 28.4605 59.439 94.9517 82.3772 92.6499 63.1981 76.0279 64.3273 86.0233 57.834 73.8811 
42.72 87.7179 24.0832 65.9242 42.0476 69.9805 72.8118 68.3057 82.7103 61.5112 78.5875 56.2228 99.8499 65.7431 34.2025 31.1127 52.345 44.2832 104.101 49.2176 51.3517 64.2806 45.6946 93.3035 90.1797 44.0 61.4003 77.1038 73.2462 63.3246 19.0 78.4474 21.2132 65.9691 87.8635 29.7321 59.4163 59.815 56.5739 57.6624 22.0907 101.357 34.0588 89.8109 0.0 25.0 53.9331 30.0167 57.8652 109.921 66.3702 35.0 12.0416 83.6721 6.32456 54.4518 54.2033 15.1327 23.0217 76.0263 32.4466 17.1172 22.6274 88.4254 32.5576 32.6497 79.6357 100.862 54.8246 43.0116 
63.8576 103.354 42.776 73.1642 66.1891 94.134 74.108 84.8533 97.9494 77.845 83.0963 66.0227 119.973 86.7068 58.356 54.3783 61.9774 58.6686 124.935 37.3631 65.2998 73.2508 70.5762 95.2575 111.044 68.3593 85.0 83.7257 97.5385 88.2553 43.566 92.6485 46.0977 66.1211 102.097 54.7083 58.2151 83.9685 77.4409 74.3493 46.8722 122.221 56.6127 92.1358 25.0 0.0 49.2443 51.1287 78.7321 130.771 74.9533 13.0384 35.7771 104.536 18.6815 63.4129 78.721 39.3192 47.3814 85.885 34.9285 41.9762 46.1411 112.579 29.0 53.321 98.7631 121.722 71.5115 64.581 
65.8999 73.8173 47.5221 33.9411 92.253 92.2467 26.9258 61.4654 68.2422 55.0273 38.0789 33.541 95.7706 66.4831 68.421 61.4334 31.0161 40.1123 101.119 24.1868 42.2019 37.0135 82.4522 47.1699 94.255 93.5881 111.872 41.3401 99.8228 99.6625 70.4533 61.6117 70.8284 19.3132 69.527 76.0524 11.6619 82.0937 68.4833 54.8365 72.1472 103.619 60.7578 44.4072 53.9331 49.2443 0.0 53.3843 69.2325 110.023 37.5366 41.0 56.5251 87.2812 51.8652 30.8707 88.8932 67.0772 74.4008 48.1041 23.6008 67.7042 64.4735 99.0812 21.9545 55.3633 75.6439 101.134 51.9987 66.7578 
12.8062 58.8558 13.1529 47.793 38.8973 48.9064 59.9828 38.6394 54.3323 33.0606 61.9083 36.9857 69.8355 35.8469 15.0384 8.06226 34.2025 21.6977 74.0945 40.2361 27.9615 44.4853 29.0696 78.0263 60.1788 38.9487 56.6127 58.356 54.2209 46.2799 26.3059 51.0 23.7697 54.6308 60.075 20.6155 51.0509 38.7409 26.573 30.0832 25.0 71.3561 7.0 74.4224 30.0167 51.1287 53.3843 0.0 27.8642 79.9197 46.7214 57.5183 18.3848 53.6712 35.0 36.4093 35.5106 28.0 28.1603 54.2015 42.5825 24.0832 10.0499 67.3513 50.5972 3.0 49.7695 70.8548 21.0238 13.4536 
15.2315 38.833 40.197 47.927 48.8365 31.4009 64.5136 21.095 36.0555 20.6155 60.9016 39.2938 44.0114 13.6015 29.8927 28.9933 39.5011 30.3961 47.8539 58.0871 27.4671 42.9535 29.4109 76.5506 33.5532 47.2969 59.9416 54.9181 31.4018 34.7131 48.1411 35.8469 44.6557 62.3699 42.72 36.3456 62.408 13.4018 1.41421 26.3961 45.3542 44.7305 25.08 73.2462 57.8652 78.7321 69.2325 27.8642 0.0 53.2942 44.7214 85.1217 46.0865 27.0456 62.8335 40.7922 23.6008 51.5992 48.0521 46.0977 60.4335 47.128 36.4081 38.2354 68.4482 25.4203 26.0192 44.2354 19.0263 15.678 
67.287 39.3192 92.2359 78.7464 93.6216 42.9418 94.5939 48.8774 43.9318 55.7584 85.0 76.4853 15.1327 46.0977 82.2385 81.0488 79.177 74.2024 10.0 101.413 69.3397 74.3303 74.3303 95.0053 21.9317 91.2195 96.0469 78.0897 50.04 66.1891 99.9029 50.448 96.3033 96.7678 46.0977 86.8285 100.464 56.626 54.65 70.2028 96.6855 9.48683 77.1355 93.086 109.921 130.771 110.023 79.9197 53.2942 0.0 74.6324 134.687 98.142 26.4008 114.889 79.1581 64.2884 103.718 98.9092 67.2681 103.76 99.2802 88.4636 26.1725 111.774 77.4661 34.4819 9.21954 65.2993 67.7335 
42.8171 36.7151 42.9714 4.12311 85.8869 61.2573 21.0238 29.0689 31.305 25.0 16.4012 10.198 59.808 36.6742 61.4862 54.5702 14.0357 25.0599 65.192 37.691 19.8494 2.23607 69.906 32.5576 62.0725 85.6587 103.087 11.6619 75.9464 78.7718 70.9366 24.5967 68.942 22.1359 32.0156 66.6531 26.6271 57.9464 44.2945 31.6125 70.2638 69.4262 51.2445 29.0689 66.3702 74.9533 37.5366 46.7214 44.7214 74.6324 0.0 71.6938 58.9406 55.0364 68.0074 12.0 66.6251 71.4703 73.4098 11.1803 40.025 68.352 55.0364 68.0661 47.1699 48.3269 41.4367 66.2193 28.7748 44.8219 
70.2471 103.575 49.1655 69.2892 77.026 106.164 67.3647 87.1096 97.946 80.1601 77.4661 63.5295 121.853 88.8416 65.8905 61.1661 59.5399 61.0625 127.07 35.805 66.9307 70.2638 79.0759 88.0909 116.582 79.0 96.2549 79.1202 105.073 96.7729 54.0 91.9194 56.0803 59.4138 101.049 63.7887 51.3517 95.9983 83.8305 76.484 57.0351 127.088 63.0768 85.2115 35.0 13.0384 41.0 57.5183 85.1217 134.687 71.6938 0.0 43.9318 109.841 29.0689 60.8276 86.3627 50.04 58.0086 82.8553 33.0151 52.0384 53.4509 121.265 24.5967 59.7105 100.729 125.484 73.6463 71.105 
30.8869 76.9484 16.1555 59.1764 35.7351 58.3693 70.2625 56.7713 72.3094 50.9616 72.8816 48.7647 88.1192 54.231 22.5913 19.105 45.2483 35.1283 92.3224 46.6683 42.0476 56.7539 35.171 88.6995 78.4011 37.108 55.3624 70.2197 61.7738 52.8867 14.2127 68.3593 14.3178 63.4199 77.6493 20.025 58.2284 48.2038 44.7953 47.3038 15.6525 89.5784 22.0227 85.0988 12.0416 35.7771 56.5251 18.3848 46.0865 98.142 58.9406 43.9318 0.0 71.8935 17.8045 47.4735 42.9535 13.0384 18.0278 67.7422 35.0386 11.4018 10.6301 76.8142 35.1885 21.1896 68.1542 89.0833 44.466 31.0644 
41.0385 28.0179 65.8521 59.0762 70.2567 17.4642 76.0066 26.3059 29.5466 32.28 68.469 54.3415 19.0263 21.0238 56.629 54.8003 56.3205 49.3573 21.8403 77.0484 45.31 54.1479 50.3587 81.4923 7.07107 68.1175 76.1183 61.5224 32.2025 46.3249 74.8775 34.2053 71.3791 76.531 34.9857 62.6281 78.8543 31.6142 28.4015 45.3573 72.0053 17.6918 50.887 78.8543 83.6721 104.536 87.2812 53.6712 27.0456 26.4008 55.0364 109.841 71.8935 0.0 88.6405 56.7539 41.0122 78.3356 74.571 50.636 79.3947 73.8644 62.2151 13.9284 87.4095 51.2268 14.5602 17.4929 39.9625 41.485 
47.8017 91.4483 27.3971 67.1863 48.0 76.0533 72.546 72.037 86.4004 65.2426 79.2472 58.0086 104.669 70.5121 40.2753 36.8782 54.0 47.9047 109.004 32.4975 54.6263 66.0 52.0 93.622 95.1481 50.04 67.1863 78.3135 79.404 69.6419 25.0799 81.9399 27.4591 64.8984 91.3893 36.0555 57.7754 65.8878 61.5423 61.3937 28.2843 106.325 39.598 90.2447 6.32456 18.6815 51.8652 35.0 62.8335 114.889 68.0074 29.0689 17.8045 88.6405 0.0 56.0089 60.4152 21.0 29.0172 78.1025 30.8059 23.3452 28.4253 94.4983 30.0 37.4434 84.4046 105.824 58.556 48.2701 
37.6007 43.8634 31.4787 11.7047 74.7206 61.9852 24.6982 30.6757 38.2099 24.5153 25.5539 2.82843 65.0 36.3456 51.1741 44.2582 2.23607 15.6205 70.3278 26.1434 13.3417 10.0499 65.2053 41.6173 63.7887 74.8692 92.7746 22.8035 71.4122 73.7485 59.9333 31.8277 58.1808 21.587 40.6079 56.341 22.2036 53.4122 40.043 26.3961 59.5399 72.8011 43.4093 38.0132 54.4518 63.4129 30.8707 36.4093 40.7922 79.1581 12.0 60.8276 47.4735 56.7539 56.0089 0.0 61.5617 60.1664 62.6498 22.561 28.4898 57.2713 44.4185 68.8197 36.2353 38.0149 44.7772 70.2638 23.5584 39.6055 
34.0165 61.0983 46.9875 69.4472 29.4279 24.1868 85.5503 44.6542 59.0339 43.8634 83.0135 60.1392 60.0333 36.7151 24.4722 27.4722 60.2706 51.1656 62.3939 75.745 48.2366 64.6761 10.2956 99.0202 42.7551 27.1662 36.7696 77.4661 19.2094 12.6491 38.8973 59.3633 35.3836 83.1418 65.7419 25.4951 83.1775 15.0 23.4307 47.1656 35.3553 54.8179 30.5345 95.6033 54.2033 78.721 88.8932 35.5106 23.6008 64.2884 66.6251 86.3627 42.9535 41.0122 60.4152 61.5617 0.0 43.1856 36.8782 69.2965 75.8926 39.0512 32.9125 38.6264 76.1524 37.3383 46.9559 56.8859 39.0499 34.463 
38.833 86.5794 29.0689 71.8679 27.0 61.2573 82.2368 66.3702 82.2192 61.0328 85.5748 61.3514 95.4909 62.5859 25.7065 25.0 57.9396 47.0744 99.161 58.6426 53.7587 69.2604 33.6006 101.393 81.7873 29.0689 46.2709 82.8734 62.3699 50.6063 4.47214 79.0 7.81025 75.3941 88.0511 17.6918 70.2027 51.0918 50.3899 58.0384 8.06226 94.2802 28.8617 97.792 15.1327 39.3192 67.0772 28.0 51.5992 103.718 71.4703 50.04 13.0384 78.3356 21.0 60.1664 43.1856 0.0 8.06226 79.8311 45.5907 4.47214 18.0278 79.6304 45.8505 31.0 76.4082 95.5253 49.0102 38.3275 
37.0 85.0235 32.6497 74.2428 19.0263 56.4487 85.3392 65.0077 81.0247 60.2993 88.193 63.5059 91.7606 60.3361 22.2237 23.0217 60.4152 48.4665 95.3964 64.544 54.7539 71.1758 26.8701 104.101 76.9787 21.0238 38.4708 85.0 55.8659 43.2666 4.12311 78.4092 4.47214 79.8014 87.1436 12.083 76.1041 46.2832 46.8722 57.9711 3.16228 89.4717 27.0185 100.499 23.0217 47.3814 74.4008 28.1603 48.0521 98.9092 73.4098 58.0086 18.0278 74.571 29.0172 62.6498 36.8782 8.06226 0.0 80.9939 52.9143 6.7082 18.3848 74.4312 52.6015 31.0483 73.8241 90.7697 48.8365 36.0555 
47.1699 28.1603 52.1536 14.2127 90.0329 58.0458 27.5136 26.8328 23.3452 25.4951 18.0 20.2237 52.1728 35.3553 65.6321 59.4275 24.3311 32.7567 57.4891 48.6155 26.2488 12.6491 72.9598 31.3847 57.4282 89.8046 104.311 11.0 77.4891 80.8084 78.848 17.0294 76.5531 31.0644 22.3607 72.7367 36.7967 59.4891 46.0109 36.0167 77.8335 63.1269 55.6487 28.4605 76.0263 85.885 48.1041 54.2015 46.0977 67.2681 11.1803 82.8553 67.7422 50.636 78.1025 22.561 69.2965 79.8311 80.9939 0.0 50.9608 76.4003 62.6418 64.3273 58.3095 55.8071 36.2215 59.4138 33.1789 49.0918 
55.0981 71.0675 36.7202 38.3275 70.7665 83.9834 41.7612 55.0022 65.4388 48.0214 49.163 31.0995 90.4271 58.395 55.4204 50.6315 27.0542 30.3754 95.6039 2.82843 34.4235 38.3275 69.4517 62.8172 86.1357 72.1016 90.3851 49.0918 91.0238 86.662 48.9668 59.4122 49.3419 34.176 68.5419 54.5659 27.2947 73.2946 59.6843 46.0374 50.6607 96.6413 48.7208 59.439 32.4466 34.9285 23.6008 42.5825 60.4335 103.76 40.025 33.0151 35.0386 79.3947 30.8059 28.4898 75.8926 45.5907 52.9143 50.9608 0.0 46.2177 42.987 90.8179 9.43398 44.5615 69.4104 94.6183 43.1997 55.9559 
34.5254 82.3893 26.6271 68.942 25.318 56.8198 79.7864 62.2013 78.1025 57.0 82.7345 58.3095 91.0198 58.2495 21.2354 20.6155 55.0364 43.6807 94.6898 57.8474 50.2195 66.1287 29.6816 98.5524 77.3498 27.074 44.911 79.8499 58.258 46.9574 2.82843 75.0267 4.12311 74.5989 84.006 13.6015 69.4075 46.6542 45.9187 54.1664 5.0 89.8427 24.5153 94.9517 17.1172 41.9762 67.7042 24.0832 47.128 99.2802 68.352 52.0384 11.4018 73.8644 23.3452 57.2713 39.0512 4.47214 6.7082 76.4003 46.2177 0.0 14.0357 75.213 45.9125 27.074 72.0594 91.0542 45.0999 33.9559 
21.1896 68.593 16.1245 55.9464 31.6228 48.2183 67.3857 48.3735 64.195 43.0116 69.9714 45.1774 78.4411 44.9222 12.4403 8.48528 42.19 30.0832 82.644 54.6167 36.4005 52.8015 26.0768 85.9826 68.7227 32.249 50.5371 66.6408 51.6228 43.566 16.2788 61.0082 13.9284 61.8478 70.0286 13.4164 58.2622 38.0528 35.1169 40.1321 15.2315 79.9 11.6619 82.3772 22.6274 46.1411 64.4735 10.0499 36.4081 88.4636 55.0364 53.4509 10.6301 62.2151 28.4253 44.4185 32.9125 18.0278 18.3848 62.6418 42.987 14.0357 0.0 66.6633 43.2468 13.0384 58.8218 79.4049 31.0644 21.0238 
54.7187 41.6773 77.191 72.0278 67.72 20.8087 89.0898 39.0128 43.4626 44.318 82.0366 66.5184 26.8328 32.6015 58.223 61.223 68.2443 60.7805 26.9258 88.4715 56.9473 67.0075 48.8467 95.3362 8.48528 65.2534 70.0 75.1332 24.0208 40.05 75.7166 48.0833 72.111 89.0898 48.7647 62.434 91.0069 32.6105 39.5913 56.7805 72.4017 17.0 64.2852 92.6499 88.4254 112.579 99.0812 67.3513 38.2354 26.1725 68.0661 121.265 76.8142 13.9284 94.4983 68.8197 38.6264 79.6304 74.4312 64.3273 90.8179 75.213 66.6633 0.0 98.8326 64.9074 28.4605 20.3961 51.249 55.1651 
63.1128 79.0822 44.735 44.9222 71.0263 91.9982 45.1774 63.0169 73.4535 56.0362 54.1479 38.9487 98.4418 66.4097 55.6802 50.9205 34.9857 38.3902 103.619 12.2066 42.4382 45.6946 69.1808 66.3702 94.1504 72.3614 90.6449 55.109 99.0385 86.9218 48.53 67.424 49.3366 37.2156 76.5506 54.8258 29.4279 81.3094 67.699 54.0521 50.6015 104.656 56.7355 63.1981 32.5576 29.0 21.9545 50.5972 68.4482 111.774 47.1699 24.5967 35.1885 87.4095 30.0 36.2353 76.1524 45.8505 52.6015 58.3095 9.43398 45.9125 43.2468 98.8326 0.0 52.5762 77.4251 102.633 51.2144 63.9707 
10.6301 55.9017 14.7859 49.3986 41.1096 46.4624 61.5883 35.6931 51.3517 30.0666 63.5138 38.5913 67.2309 33.1059 16.8661 9.89949 35.808 23.3033 71.5612 42.2151 29.5671 46.0908 30.8973 79.6319 57.7344 41.0122 58.4665 59.9616 54.026 48.1076 29.2746 48.0 26.6833 56.2363 57.0789 23.0217 52.6564 36.2969 24.129 27.095 27.8927 68.9117 7.61577 76.0279 32.6497 53.321 55.3633 3.0 25.4203 77.4661 48.3269 59.7105 21.1896 51.2268 37.4434 38.0149 37.3383 31.0 31.0483 55.8071 44.5615 27.074 13.0384 64.9074 52.5762 0.0 47.0106 68.4105 18.0278 11.6619 
37.6431 15.0 58.645 45.5412 74.4312 24.2071 62.2013 14.4222 15.2643 21.4009 54.1479 42.1545 21.2132 13.9284 55.6004 51.4608 44.7214 40.3113 26.2488 67.064 35.0 40.7922 54.5894 66.9403 21.2132 72.6911 83.7253 47.1699 43.2826 55.5042 73.6493 19.6469 70.3634 63.3482 21.2603 62.2896 66.4078 35.9559 27.074 36.4138 71.0646 28.1603 47.5475 64.3273 79.6357 98.7631 75.6439 49.7695 26.0192 34.4819 41.4367 100.729 68.1542 14.5602 84.4046 44.7772 46.9559 76.4082 73.8241 36.2215 69.4104 72.0594 58.8218 28.4605 77.4251 47.0106 0.0 25.4951 32.0156 38.1455 
58.2221 32.0156 83.1873 70.342 86.3134 34.5398 86.4928 39.8246 36.1248 46.6476 77.3175 67.624 8.94427 36.8782 73.8188 71.9901 70.214 65.0 6.7082 92.272 60.208 65.8027 66.7083 88.1419 14.1421 84.0119 90.0888 70.3491 44.2832 60.0333 92.0673 42.4264 88.1639 88.3233 39.1152 78.689 91.7606 48.4866 45.5913 61.0 88.546 5.0 68.0767 86.0233 100.862 121.722 101.134 70.8548 44.2354 9.21954 66.2193 125.484 89.0833 17.4929 105.824 70.2638 56.8859 95.5253 90.7697 59.4138 94.6183 91.0542 79.4049 20.3961 102.633 68.4105 25.4951 0.0 56.0803 58.6748 
14.2127 38.6005 31.3935 31.4642 56.8638 44.4146 47.547 18.7883 33.7343 12.3693 45.1742 22.1359 53.1507 19.2094 32.4631 26.2488 22.2673 13.1623 58.0 40.8533 10.2333 26.7631 42.3308 61.3 46.5296 56.6356 73.6819 39.9318 49.1204 51.2367 47.2652 30.0167 44.5533 45.1385 39.2046 39.5601 45.1742 31.1204 18.1108 9.16228 45.7056 57.4282 22.4722 57.834 54.8246 71.5115 51.9987 21.0238 19.0263 65.2993 28.7748 73.6463 44.466 39.9625 58.556 23.5584 39.0499 49.0102 48.8365 33.1789 43.1997 45.0999 31.0644 51.249 51.2144 18.0278 32.0156 56.0803 0.0 16.2788 
