NAME  : Jabali_70_3_0.88_1_7
TYPE : SVRP
MODEL : FINITE_SUPPORT
NUMBER_OF_SCENARIOS : 200
DIMENSION : 70
EDGE_WEIGHT_TYPE : MATRIX
CAPACITY : 135
N_VEHICLES : 3
NODE_COORD_SECTION
1 5070 4812
2 3836 5538
3 3188 5913
4 3573 3282
5 5736 1116
6 4939 7267
7 6314 2310
8 3292 9019
9 8264 6827
10 479 4226
11 6258 6628
12 2518 2186
13 1863 6018
14 8092 3622
15 4027 3847
16 4016 4726
17 5573 18
18 1374 4746
19 4819 3354
20 4807 5930
21 3078 2995
22 7517 4845
23 1750 5306
24 931 3673
25 5321 4869
26 621 3773
27 5259 7797
28 4590 1285
29 4456 8055
30 4089 4842
31 8106 3308
32 7279 4484
33 4063 668
34 2148 7196
35 1092 4544
36 8038 6855
37 110 3159
38 2922 6748
39 2883 3349
40 6444 811
41 3416 9606
42 5383 5708
43 5550 3870
44 7775 4518
45 8336 4030
46 196 4007
47 1972 5267
48 996 4092
49 6547 5613
50 5101 3773
51 4622 2552
52 4184 4187
53 5514 5039
54 4063 1378
55 3521 3628
56 5627 2460
57 27 3611
58 1264 4335
59 5210 6492
60 5100 8728
61 4061 2921
62 6282 2976
63 2035 3550
64 7096 2450
65 6884 6992
66 3693 8213
67 3551 1107
68 2946 5025
69 8500 4668
70 3841 6967
DEMAND_SECTION
1 0.0
2 8.0
3 5.0
4 8.0
5 5.0
6 3.0
7 7.0
8 7.0
9 6.0
10 1.0
11 10.0
12 6.0
13 10.0
14 7.0
15 9.0
16 4.0
17 3.0
18 9.0
19 5.0
20 8.0
21 5.0
22 1.0
23 7.0
24 6.0
25 1.0
26 3.0
27 8.0
28 7.0
29 6.0
30 6.0
31 8.0
32 7.0
33 6.0
34 3.0
35 2.0
36 4.0
37 1.0
38 7.0
39 1.0
40 8.0
41 3.0
42 9.0
43 10.0
44 3.0
45 4.0
46 4.0
47 1.0
48 4.0
49 7.0
50 2.0
51 9.0
52 1.0
53 4.0
54 3.0
55 10.0
56 2.0
57 4.0
58 1.0
59 7.0
60 6.0
61 2.0
62 3.0
63 1.0
64 9.0
65 6.0
66 9.0
67 4.0
68 4.0
69 2.0
70 4.0
DEVIATION_SECTION
1 0.0
2 2.66667
3 1.66667
4 2.66667
5 1.66667
6 1.0
7 2.33333
8 2.33333
9 2.0
10 0.333333
11 3.33333
12 2.0
13 3.33333
14 2.33333
15 3.0
16 1.33333
17 1.0
18 3.0
19 1.66667
20 2.66667
21 1.66667
22 0.333333
23 2.33333
24 2.0
25 0.333333
26 1.0
27 2.66667
28 2.33333
29 2.0
30 2.0
31 2.66667
32 2.33333
33 2.0
34 1.0
35 0.666667
36 1.33333
37 0.333333
38 2.33333
39 0.333333
40 2.66667
41 1.0
42 3.0
43 3.33333
44 1.0
45 1.33333
46 1.33333
47 0.333333
48 1.33333
49 2.33333
50 0.666667
51 3.0
52 0.333333
53 1.33333
54 1.0
55 3.33333
56 0.666667
57 1.33333
58 0.333333
59 2.33333
60 2.0
61 0.666667
62 1.0
63 0.333333
64 3.0
65 2.0
66 3.0
67 1.33333
68 1.33333
69 0.666667
70 1.33333
DISTANCE_MATRIX
0.0 20.0998 30.0666 35.4849 49.8205 35.5106 36.4617 64.0312 54.4824 59.7413 34.4015 54.3436 46.3897 45.8803 30.2697 15.5777 64.099 50.785 21.8421 17.0294 42.5466 39.0371 44.7264 63.0206 3.16228 62.1788 42.4853 48.0997 46.8615 14.7559 47.0744 34.1813 58.7189 51.9711 50.4744 52.3898 71.6512 40.2616 43.5451 56.0896 70.8378 14.3178 13.3417 40.0633 47.0922 62.8111 42.4964 58.0295 23.7995 15.6444 33.4018 28.1648 6.32456 53.491 37.7429 31.2512 67.802 54.7421 24.5967 55.0727 33.3335 29.1218 47.7437 41.7732 46.3324 51.8556 60.6529 28.1065 49.8795 35.5106 
20.0998 0.0 10.0 29.7588 65.192 28.0179 56.1418 48.4149 60.9835 46.5188 34.2366 50.1191 27.2029 64.9384 21.2132 10.8167 77.7683 35.3836 31.8617 14.2127 36.9654 51.6236 27.8029 48.2701 21.0238 48.2597 36.0139 61.0717 35.4401 10.0 66.4831 50.0927 64.0843 32.0156 37.1214 58.8999 57.9828 20.6155 34.078 73.4483 55.8032 20.8087 33.3766 55.9824 65.3856 49.6777 25.6125 43.4166 35.5106 29.8155 41.1096 18.0278 22.3607 54.5551 32.7588 48.5273 54.5619 39.6989 21.9317 46.5296 33.3612 49.1207 34.6103 61.8144 42.5715 36.8917 57.3283 13.4164 65.0 19.7231 
30.0666 10.0 0.0 37.45 73.8241 30.0832 65.2595 42.9418 67.2106 43.1741 40.4637 49.0541 17.8885 74.8168 29.1548 19.9249 86.2777 29.5296 40.8534 21.9545 37.9714 61.0328 20.8087 42.5441 31.0161 43.4626 37.6431 69.5811 34.0 18.9737 76.4199 59.6682 71.7754 22.4722 33.7343 65.1269 53.3104 12.0416 33.0131 82.3468 50.5371 29.5466 43.2897 65.521 74.961 47.3814 18.868 38.0132 44.2832 38.9332 49.0918 26.9258 32.249 62.2462 40.45 57.5847 50.9608 34.0 27.5862 46.0977 41.0523 59.0238 33.541 71.7176 48.7955 32.573 65.0194 12.6491 74.3303 17.0 
35.4849 29.7588 37.45 0.0 44.2719 54.9422 40.1995 78.1095 85.535 39.1152 57.9275 22.0907 41.6947 60.208 8.60555 19.4222 56.4391 37.3363 16.1555 37.5257 7.61577 55.1121 35.2278 46.8188 35.7451 44.2832 62.8379 32.8515 63.5918 20.0 60.4152 50.2563 37.8344 59.5894 32.311 83.4424 52.1536 49.4072 8.06226 53.6004 85.4301 41.1243 25.6125 56.1383 62.8013 38.9487 33.3766 42.0595 54.8521 19.8494 18.9737 13.2462 36.8111 28.3052 13.0 31.0161 46.4004 40.025 46.4811 74.2879 9.84886 36.6879 20.8087 49.2443 66.2624 66.4003 31.0644 28.7697 65.9545 49.2041 
49.8205 65.192 73.8241 44.2719 0.0 83.017 18.1108 113.051 82.5651 75.326 80.6544 44.7214 85.7824 46.8722 44.7214 54.3783 14.8661 79.511 33.6006 65.6217 45.7084 54.4518 79.1397 86.0233 50.0806 82.1523 89.202 16.2788 95.005 55.2268 44.3847 49.4975 22.0227 96.1509 72.0278 80.8099 87.1321 85.5862 50.1324 10.0499 119.635 60.4415 37.2022 53.0377 52.6118 72.0069 77.4102 82.0061 63.3483 38.1838 25.2982 47.1699 51.1467 22.561 49.6293 18.6011 80.2309 81.1542 71.7204 102.005 34.4894 25.9615 59.0339 25.7099 77.3624 100.845 27.7308 65.399 60.208 84.4068 
35.5106 28.0179 30.0832 54.9422 83.017 0.0 68.8246 32.573 42.0476 73.0821 21.8403 74.4131 45.0 65.4253 46.3473 35.7771 97.2955 59.5063 55.0385 18.7883 60.9097 47.8539 50.5371 72.45 33.6006 73.5391 8.0 81.2961 12.53 34.7131 68.5812 49.5856 89.2677 37.7359 63.6003 40.3113 83.3847 28.2843 61.7416 89.1067 38.0132 22.6274 45.9674 52.9528 62.9682 76.9025 48.7545 68.0294 31.1492 48.8408 66.5982 42.975 31.8904 79.7385 56.7032 64.4476 80.9568 63.9766 11.3137 19.6977 58.5446 60.6228 61.9875 71.9535 24.7386 21.2132 82.5117 40.6079 59.0762 15.5563 
36.4617 56.1418 65.2595 40.1995 18.1108 68.8246 0.0 99.5691 64.5368 77.1622 66.2757 51.3807 79.511 30.0832 38.0526 45.3542 32.7567 77.5242 25.0799 52.1536 44.3847 36.3456 75.0 86.3481 36.7151 83.2406 74.8269 25.2389 81.0555 46.3249 28.178 31.4006 35.3412 87.7016 71.8053 62.8172 89.8888 76.6083 47.676 20.8087 106.019 46.2277 23.3238 35.0 35.4401 75.2533 73.0068 81.7863 45.378 26.5707 24.1661 38.6394 37.4433 30.6583 44.0139 9.48683 83.385 80.0625 57.5164 87.6265 32.0156 8.60233 59.203 10.6301 59.3921 87.367 37.8021 59.2115 42.5793 71.5895 
64.0312 48.4149 42.9418 78.1095 113.051 32.573 99.5691 0.0 69.4622 80.6226 54.4059 91.3451 46.1736 97.8864 69.527 58.9635 125.893 64.2806 79.9868 47.4342 80.2623 80.2808 55.5788 75.0067 63.0079 78.0577 31.0644 109.197 20.3961 58.1378 100.85 82.0467 112.435 30.0167 72.1803 68.2642 87.0057 31.9531 75.3041 119.32 7.61577 53.7122 76.2758 85.3756 95.3415 86.1452 54.9181 72.0625 63.4208 78.8751 89.2851 66.1614 62.1289 102.906 81.1095 94.4819 87.2067 68.1175 42.9535 24.3516 81.7118 91.586 75.6108 102.987 55.1453 12.2066 105.679 55.4617 90.934 29.0 
54.4824 60.9835 67.2106 85.535 82.5651 42.0476 64.5368 69.4622 0.0 107.458 29.4109 103.038 84.5044 43.0116 78.9637 66.3698 97.2934 95.9998 70.7867 47.237 92.7415 28.4605 87.7869 108.998 51.3554 109.198 39.2938 85.8168 50.448 65.548 46.6154 33.2415 96.4361 79.6492 98.0911 2.23607 118.949 69.3397 93.5734 84.119 72.0069 47.0924 57.0241 31.305 37.6431 113.603 85.715 104.221 31.5039 64.3384 76.7182 73.5677 48.2843 91.2082 88.535 66.7107 115.511 100.397 39.6989 46.0 82.0274 56.7501 98.5358 60.1664 18.4391 60.8769 98.3701 74.3866 29.6985 56.9386 
59.7413 46.5188 43.1741 39.1152 75.326 73.0821 77.1622 80.6226 107.458 0.0 80.711 31.0161 34.5254 99.3227 47.7077 47.2947 80.3057 16.4924 55.0727 60.4157 33.1059 94.2369 25.0799 12.083 61.6312 7.28011 80.7775 59.1354 76.6551 46.5041 99.4786 89.3811 58.4209 51.1957 9.48683 105.374 13.0384 50.01 31.0644 85.3756 87.9659 65.7134 64.7177 95.2631 101.904 6.40312 26.0 10.6301 79.6412 58.9682 53.1601 52.3484 63.8925 53.0377 52.1022 67.6757 8.06226 13.4164 68.4471 88.955 45.31 75.1532 18.3576 87.0919 89.0459 73.0 50.2494 33.1059 105.079 59.8415 
34.4015 34.2366 40.4637 57.9275 80.6544 21.8403 66.2757 54.4059 29.4109 80.711 0.0 78.6374 57.8515 43.7678 49.3325 38.7623 94.9496 69.2529 52.6927 20.4902 65.1341 26.2012 61.0401 82.251 31.9816 82.4515 25.2389 78.9503 34.176 37.9405 46.7312 27.9281 89.5695 54.972 71.3442 27.2029 92.2022 43.6653 65.9659 86.5593 59.6154 20.3455 43.4714 31.2983 41.3304 83.7964 58.9682 77.4739 20.3602 46.495 64.2524 45.9603 29.773 84.3416 60.9275 62.0595 88.7646 73.6502 13.2122 37.6431 61.5298 58.0739 68.729 69.4046 12.3693 42.9535 85.4969 47.6398 38.1182 32.4106 
54.3436 50.1191 49.0541 22.0907 44.7214 74.4131 51.3807 91.3451 103.038 31.0161 78.6374 0.0 50.9313 75.9771 29.3155 40.1321 49.366 38.9102 32.7567 58.2357 15.0333 73.0367 42.0119 42.4264 54.6037 38.1182 82.0304 28.4429 82.8923 40.7099 75.4959 68.1809 27.6586 66.0681 29.7321 100.945 42.4264 59.4415 18.6815 54.7449 98.9601 61.8342 43.909 74.0628 79.5375 27.2947 41.1096 39.0512 72.3547 38.9102 27.0713 33.9561 55.6697 22.2036 33.7099 41.7352 35.5106 39.2173 67.191 94.062 21.095 50.2272 18.0278 61.3796 86.9723 81.501 19.4165 36.8886 83.8268 65.9342 
46.3897 27.2029 17.8885 41.6947 85.7824 45.0 79.511 46.1736 84.5044 34.5254 57.8515 50.9313 0.0 91.9837 41.5933 35.0571 95.317 18.1108 54.4518 39.8246 41.1825 78.7718 9.84886 29.4279 47.8539 32.0156 51.6236 71.7294 44.9444 34.0588 93.3809 77.2798 76.0066 16.7631 26.5707 82.4621 41.3038 17.4642 36.2353 94.7439 53.4603 47.4236 59.0762 83.1694 92.5726 40.2616 10.0 26.0192 62.1691 54.0 60.5222 41.0488 49.4773 67.1193 52.1475 71.0211 41.0488 22.0 44.8219 57.2451 51.3038 74.027 33.3017 87.023 66.0681 39.4588 68.2422 20.3961 92.1141 29.6816 
45.8803 64.9384 74.8168 60.208 46.8722 65.4253 30.0832 97.8864 43.0116 99.3227 43.7678 75.9771 91.9837 0.0 55.4707 61.4391 60.1332 95.6247 44.4072 55.0 66.6108 17.8885 90.5878 106.85 44.1475 104.42 67.7791 55.0091 77.5338 60.6173 3.60555 16.2788 65.3911 95.0474 92.3886 42.0119 112.361 83.0542 68.2642 45.0111 102.787 47.0106 34.8855 13.0384 6.08276 98.813 88.3578 102.046 34.9285 40.7063 50.3289 53.4373 42.5793 60.4111 63.2268 36.8917 106.508 99.3086 55.7315 79.1581 55.3173 26.4008 80.9938 21.2132 45.2769 86.4789 67.573 73.9679 14.5602 74.2428 
30.2697 21.2132 29.1548 8.60555 44.7214 46.3473 38.0526 69.527 78.9637 47.7077 49.3325 29.3155 41.5933 55.4707 0.0 10.8167 57.0079 45.3787 13.0 28.9308 15.8121 49.8977 37.054 55.2292 30.5299 52.799 54.2429 40.3113 55.3503 11.4018 55.9464 45.042 42.6649 51.4296 40.7674 76.8711 60.7457 41.0488 16.644 53.4883 76.8375 32.5293 20.5913 50.924 57.7009 47.5373 35.0143 50.4244 48.2808 14.7648 20.0 5.0 31.5959 33.1357 11.6056 29.4279 55.0059 48.2486 37.8861 65.6929 12.2066 33.3766 29.4125 46.2709 57.6674 57.8014 36.175 21.2132 60.7401 40.6079 
15.5777 10.8167 19.9249 19.4222 54.3783 35.7771 45.3542 58.9635 66.3698 47.2947 38.7623 40.1321 35.0571 61.4391 10.8167 0.0 66.9607 38.5876 21.0238 18.3606 26.6288 50.3167 32.8938 50.6105 17.4676 49.7321 43.6728 50.2642 44.7802 1.0 62.6513 49.6702 53.0983 42.3792 38.0278 64.2773 59.2046 31.305 27.4606 62.6099 66.2673 21.9592 24.0208 55.5522 62.5811 50.3645 30.6757 45.6125 35.4776 19.105 30.4138 7.2111 19.7289 43.5691 22.4222 37.6962 55.3553 42.4382 27.3159 55.1227 23.0217 39.2046 35.2971 52.1536 47.0972 47.2361 46.9916 16.1555 63.7148 30.0389 
64.099 77.7683 86.2777 56.4391 14.8661 97.2955 32.7567 125.893 97.2934 80.3057 94.9496 49.366 95.317 60.1332 57.0079 66.9607 0.0 87.0919 46.6905 79.9002 54.231 69.0507 88.0227 91.7878 64.3592 87.4643 103.501 23.7065 109.283 67.7705 57.3149 64.1327 22.0 108.417 78.6448 95.5667 91.0 98.005 59.0931 15.8114 133.197 74.72 51.6236 67.3647 66.0681 76.0263 86.539 88.2836 78.1106 52.0096 37.4079 59.7588 65.4252 28.4605 61.8277 33.121 84.0 88.0738 85.9989 116.298 46.5992 40.8044 65.9697 39.0128 92.1247 114.166 30.0666 79.9289 74.0 96.9689 
50.785 35.3836 29.5296 37.3363 79.511 59.5063 77.5242 64.2806 95.9998 16.4924 69.2529 38.9102 18.1108 95.6247 45.3787 38.5876 87.0919 0.0 53.175 49.5782 34.0588 85.4326 9.21954 13.0384 52.6748 14.3178 66.8506 64.1327 61.6117 37.7359 96.2802 85.1245 66.1287 34.7131 9.89949 93.9162 24.0416 34.3657 30.0167 89.3899 71.5681 55.9017 60.8478 91.0065 98.0353 22.4722 10.7703 8.544 70.2922 55.1888 55.0091 42.1977 54.9361 58.6941 49.7732 68.2642 23.0 4.47214 56.6127 73.9797 46.0109 73.7888 21.1896 86.4928 77.5878 57.1402 57.9396 22.8035 98.8307 45.2217 
21.8421 31.8617 40.8534 16.1555 33.6006 55.0385 25.0799 79.9868 70.7867 55.0727 52.6927 32.7567 54.4518 44.4072 13.0 21.0238 46.6905 53.175 0.0 37.6432 22.2036 40.3865 50.04 62.9682 22.1022 60.4152 61.2438 29.994 67.0265 21.9317 44.4185 35.5307 40.6133 63.3246 48.4665 68.6942 68.0955 52.3259 24.1661 41.5933 87.2906 32.463 11.1803 41.4005 47.4236 54.4059 48.0104 58.1893 39.8532 7.0 12.3693 13.9284 23.1682 35.3853 19.4018 16.7631 62.1289 56.0446 43.742 74.0406 11.6619 20.6155 36.7151 33.3766 62.6368 68.2594 37.774 34.1321 51.225 51.0623 
17.0294 14.2127 21.9545 37.5257 65.6217 18.7883 52.1536 47.4342 47.237 60.4157 20.4902 58.2357 39.8246 55.0 28.9308 18.3606 79.9002 49.5782 37.6432 0.0 44.7323 39.8121 41.7732 62.482 15.6205 62.426 26.2488 68.594 29.8329 17.5387 57.0789 39.1152 71.8512 40.1123 51.1077 45.1534 72.111 28.1603 45.5641 71.8907 54.037 8.06226 28.8444 44.5533 54.3323 63.4854 39.6232 57.6281 22.4722 31.4456 48.6822 25.5585 14.7648 62.322 40.5257 47.0524 68.4763 53.9073 9.0 38.4838 41.1281 44.2945 48.418 56.0803 28.8251 35.2278 65.0952 27.4591 52.8867 19.9249 
42.5466 36.9654 37.9714 7.61577 45.7084 60.9097 44.3847 80.2623 92.7415 33.1059 65.1341 15.0333 41.1825 66.6108 15.8121 26.6288 54.231 34.0588 22.2036 44.7323 0.0 62.092 33.8378 41.9762 42.8067 38.8973 68.5271 30.6757 70.7984 27.2066 66.5733 57.2362 35.0 55.1067 27.4591 90.649 46.0652 48.3587 5.0 55.3397 87.8773 48.3309 32.5269 63.1182 69.527 32.2025 32.311 37.4833 62.0587 26.9072 21.0238 20.4528 43.8727 25.9422 20.2066 34.9285 39.9625 36.0555 53.6876 80.5586 12.3693 42.0476 14.8661 54.0833 73.469 70.4183 27.5862 25.8058 72.9344 56.4106 
39.0371 51.6236 61.0328 55.1121 54.4518 47.8539 36.3456 80.2808 28.4605 94.2369 26.2012 73.0367 78.7718 17.8885 49.8977 50.3167 69.0507 85.4326 40.3865 39.8121 62.092 0.0 78.8375 97.7582 35.3023 99.3282 49.98 58.3116 59.9083 49.4948 21.095 5.0 68.9309 79.7621 87.2966 26.9258 107.275 67.897 63.1674 55.6597 85.0706 31.7805 29.5651 5.09902 15.1327 94.0598 76.6047 92.768 18.0 35.2635 49.2592 47.7928 32.2312 63.703 58.1347 39.2046 101.529 89.4521 39.0128 61.2699 51.9848 29.0 75.936 31.7805 27.4591 69.0507 70.9111 62.6405 13.4164 58.0345 
44.7264 27.8029 20.8087 35.2278 79.1397 50.5371 75.0 55.5788 87.7869 25.0799 61.0401 42.0119 9.84886 90.5878 37.054 32.8938 88.0227 9.21954 50.04 41.7732 33.8378 78.8375 0.0 21.9317 46.6154 23.5372 57.7754 64.5136 52.3927 31.9531 91.6778 78.8189 68.0 26.5707 16.7631 85.7033 33.2415 25.1794 29.1204 88.6454 62.9682 48.6004 56.2939 83.1793 91.7297 30.5941 2.23607 17.72 63.2456 50.8035 53.9351 37.6563 48.7545 59.6154 47.0128 66.0725 32.0624 13.6015 48.2701 64.7611 44.7214 70.3491 24.0832 83.2947 69.375 48.0416 60.0333 16.7631 92.2356 36.0555 
63.0206 48.2701 42.5441 46.8188 86.0233 72.45 86.3481 75.0067 108.998 12.083 82.251 42.4264 29.4279 106.85 55.2292 50.6105 91.7878 13.0384 62.9682 62.482 41.9762 97.7582 21.9317 0.0 64.9105 5.0 79.7057 70.0071 74.0405 49.8197 107.094 96.9026 70.0357 45.0 14.5602 106.914 12.0 46.5725 38.8973 96.0469 82.0244 68.593 72.2392 102.785 109.562 18.0278 23.7065 5.0 82.807 66.4897 62.8013 54.0199 67.1718 64.0703 59.6236 76.9025 13.8924 8.60233 69.6348 86.4002 54.3415 83.4865 27.2947 95.8801 90.5859 68.884 61.8142 35.3553 112.601 57.9396 
3.16228 21.0238 31.0161 35.7451 50.0806 33.6006 36.7151 63.0079 51.3554 61.6312 31.9816 54.6037 47.8539 44.1475 30.5299 17.4676 64.3592 52.6748 22.1022 15.6205 42.8067 35.3023 46.6154 64.9105 0.0 64.0687 40.3113 48.3598 45.2769 16.6458 45.5412 32.2861 58.9791 52.469 52.3643 49.2628 73.5411 40.6079 44.6712 56.3497 69.6563 11.7047 13.4164 38.1681 45.1969 64.701 44.3847 59.9194 20.6725 15.9045 33.6619 24.6655 3.16228 53.7512 39.6328 31.5113 69.6919 56.632 22.4722 53.0 33.5936 29.1548 49.6336 41.4849 43.2054 50.8035 60.9131 29.9964 48.7004 34.8855 
62.1788 48.2597 43.4626 44.2832 82.1523 73.5391 83.2406 78.0577 109.198 7.28011 82.4515 38.1182 32.0156 104.42 52.799 49.7321 87.4643 14.3178 60.4152 62.426 38.8973 99.3282 23.5372 5.0 64.0687 0.0 80.9938 66.0303 75.9276 48.9415 104.664 94.4725 65.6201 48.1664 12.2066 107.115 9.84886 48.6621 36.2491 92.1954 85.2115 68.1175 69.809 100.354 107.131 13.0384 25.0 6.0 82.058 64.0596 59.439 53.1415 66.33 60.0 57.1935 73.7631 9.48683 10.0499 69.9714 88.295 51.2445 80.7775 24.0416 92.9731 90.7864 71.3442 57.4282 35.0 110.171 59.4811 
42.4853 36.0139 37.6431 62.8379 89.202 8.0 74.8269 31.0644 39.2938 80.7775 25.2389 82.0304 51.6236 67.7791 54.2429 43.6728 103.501 66.8506 61.2438 26.2488 68.5271 49.98 57.7754 79.7057 40.3113 80.9938 0.0 87.5014 11.1803 42.5793 70.7744 51.9713 97.1634 42.5206 71.3092 37.855 90.824 34.4093 69.3589 95.1105 35.171 28.8444 52.0096 55.0273 64.846 84.7231 56.0803 75.3923 44.4034 55.0462 72.8035 50.8707 38.2753 87.6342 64.3205 70.6045 88.6002 71.3092 17.8885 12.8062 66.4402 66.6251 69.8864 77.9558 24.0832 21.587 90.4074 48.5077 60.0167 21.9545 
48.0997 61.0717 69.5811 32.8515 16.2788 81.2961 25.2389 109.197 85.8168 59.1354 78.9503 28.4429 71.7294 55.0091 40.3113 50.2642 23.7065 64.1327 29.994 68.594 30.6757 58.3116 64.5136 70.0071 48.3598 66.0303 87.5014 0.0 95.0136 51.0739 53.3385 53.3392 11.0454 91.7205 56.2228 84.0557 70.859 81.5383 35.5074 26.3059 116.501 58.7206 35.919 58.0723 60.0083 55.7315 62.9748 66.1211 66.1108 35.5213 20.7114 43.0623 49.4258 6.32456 45.1311 19.1076 63.9531 65.4905 69.9996 100.298 27.8978 29.6493 43.2897 35.609 80.6081 97.4695 12.7279 56.3413 66.5858 80.2723 
46.8615 35.4401 34.0 63.5918 95.005 12.53 81.0555 20.3961 50.448 76.6551 34.176 82.8923 44.9444 77.5338 55.3503 44.7802 109.283 61.6117 67.0265 29.8329 70.7984 59.9083 52.3927 74.0405 45.2769 75.9276 11.1803 95.0136 0.0 43.8634 80.4972 61.6941 98.2708 33.4215 67.3647 49.0306 85.6154 27.5136 66.8513 101.237 25.4951 34.8281 58.0517 65.0 74.9533 81.2219 50.9902 70.0928 54.1262 60.8289 75.1017 51.9781 43.8634 88.7416 66.5918 76.4357 84.1724 65.9697 23.6008 12.3693 67.5476 72.8538 67.3835 84.1845 35.0 10.4403 91.5147 46.1736 70.5762 17.0 
14.7559 10.0 18.9737 20.0 55.2268 34.7131 46.3249 58.1378 65.548 46.5041 37.9405 40.7099 34.0588 60.6173 11.4018 1.0 67.7705 37.7359 21.9317 17.5387 27.2066 49.4948 31.9531 49.8197 16.6458 48.9415 42.5793 51.0739 43.8634 0.0 61.8294 48.8484 54.3255 41.4367 37.2371 63.4554 58.414 30.4138 28.0384 63.5059 65.437 21.1373 25.02 54.7304 61.7592 49.5738 29.7321 44.8219 34.6558 20.0998 31.1448 8.06226 18.9071 44.7963 23.0 38.6264 54.5647 41.6173 26.4941 54.1202 23.6023 40.1995 34.5064 53.1507 46.2754 46.4004 47.5694 15.2315 62.893 29.2062 
47.0744 66.4831 76.4199 60.4152 44.3847 68.5812 28.178 100.85 46.6154 99.4786 46.7312 75.4959 93.3809 3.60555 55.9464 62.6513 57.3149 96.2802 44.4185 57.0789 66.5733 21.095 91.6778 107.094 45.5412 104.664 70.7744 53.3385 80.4972 61.8294 0.0 18.9737 63.5059 97.0 92.6325 45.607 112.508 85.0 68.4763 42.0119 105.75 49.163 35.4683 16.4012 9.48683 98.737 89.5091 102.29 37.6431 41.2311 49.4975 54.0994 44.1814 58.7305 63.4707 35.609 106.532 99.9641 58.2495 82.2982 55.0 25.4558 81.1234 18.6815 48.5489 89.0689 65.8925 74.9927 18.0278 76.531 
34.1813 50.0927 59.6682 50.2563 49.4975 49.5856 31.4006 82.0467 33.2415 89.3811 27.9281 68.1809 77.2798 16.2788 45.042 49.6702 64.1327 85.1245 35.5307 39.1152 57.2362 5.0 78.8189 96.9026 32.2861 94.4725 51.9713 53.3392 61.6941 48.8484 18.9737 0.0 63.9585 79.2275 82.4408 31.6228 102.419 67.2681 58.3116 50.9215 86.9472 31.0644 24.7093 6.40312 15.2971 89.204 76.5889 92.0978 18.6815 30.4077 44.3847 42.937 30.6833 58.7305 53.279 34.2345 96.6736 88.8084 39.4588 63.6318 47.129 24.0 71.0802 27.2947 30.4795 70.2004 65.8925 62.199 16.2788 58.0775 
58.7189 64.0843 71.7754 37.8344 22.0227 89.2677 35.3412 112.435 96.4361 58.4209 89.5695 27.6586 76.0066 65.3911 42.6649 53.0983 22.0 66.1287 40.6133 71.8512 35.0 68.9309 68.0 70.0357 58.9791 65.6201 97.1634 11.0454 98.2708 54.3255 63.5059 63.9585 0.0 90.0279 57.28 94.6749 69.0 83.7327 40.0 30.8869 119.756 69.3399 46.5383 68.6586 70.5762 54.037 66.7308 66.7083 76.73 46.1406 31.3307 47.5501 60.0451 10.2956 47.3255 29.7269 62.0 66.7608 80.6188 108.613 32.8807 40.2616 44.9444 45.2769 91.2274 100.726 8.24621 60.7271 77.201 83.5295 
51.9711 32.0156 22.4722 59.5894 96.1509 37.7359 87.7016 30.0167 79.6492 51.1957 54.972 66.0681 16.7631 95.0474 51.4296 42.3792 108.417 34.7131 63.3246 40.1123 55.1067 79.7621 26.5707 45.0 52.469 48.1664 42.5206 91.7205 33.4215 41.4367 97.0 79.2275 90.0279 0.0 43.3244 77.8267 57.0 12.0 50.1484 104.785 37.054 48.1664 65.307 84.5931 94.4299 57.0088 26.4008 42.19 61.9839 61.3754 71.2327 49.3964 53.1507 81.0345 62.5894 80.0562 57.4282 38.3275 41.7612 44.9444 63.1917 81.0683 49.0918 93.7443 61.7414 25.4951 82.3942 32.0156 92.5743 22.8473 
50.4744 37.1214 33.7343 32.311 72.0278 63.6003 71.8053 72.1803 98.0911 9.48683 71.3442 29.7321 26.5707 92.3886 40.7674 38.0278 78.6448 9.89949 48.4665 51.1077 27.4591 87.2966 16.7631 14.5602 52.3643 12.2066 71.3092 56.2228 67.3647 37.2371 92.6325 82.4408 57.28 43.3244 0.0 96.0075 21.2603 41.0488 24.3516 82.0061 79.6241 56.4465 57.7773 88.3228 95.0998 14.0357 17.2627 10.0499 70.3743 52.0279 48.3735 41.4372 54.6256 50.4876 45.1618 62.3699 17.4642 9.48683 59.0339 79.6304 39.8121 68.9493 13.0 81.3204 79.6791 64.0703 49.0408 23.7065 98.1389 50.4876 
52.3898 58.8999 65.1269 83.4424 80.8099 40.3113 62.8172 68.2642 2.23607 105.374 27.2029 100.945 82.4621 42.0119 76.8711 64.2773 95.5667 93.9162 68.6942 45.1534 90.649 26.9258 85.7033 106.914 49.2628 107.115 37.855 84.0557 49.0306 63.4554 45.607 31.6228 94.6749 77.8267 96.0075 0.0 116.865 67.4166 91.4808 82.5409 71.007 45.0087 55.263 30.0167 36.7967 111.511 83.6314 102.137 29.4113 62.2458 74.957 71.4752 46.1918 89.447 86.4424 64.9495 113.428 98.3134 37.6431 45.0444 79.9349 54.9889 96.4432 58.6941 16.4012 59.439 96.6089 72.303 29.0689 55.0727 
71.6512 57.9828 53.3104 52.1536 87.1321 83.3847 89.8888 87.0057 118.949 13.0384 92.2022 42.4264 41.3038 112.361 60.7457 59.2046 91.0 24.0416 68.0955 72.111 46.0652 107.275 33.2415 12.0 73.5411 9.84886 90.824 70.859 85.6154 58.414 112.508 102.419 69.0 57.0 21.2603 116.865 0.0 58.2495 44.1022 97.1648 94.0213 77.6233 77.7557 108.301 114.942 15.1327 34.7851 15.5242 91.5511 72.0062 65.7904 65.3864 75.8024 64.6297 65.1402 80.4114 7.0 19.6469 79.7559 97.9847 58.1808 88.1022 31.3847 99.925 100.537 80.7527 61.0328 44.6542 118.117 69.2604 
40.2616 20.6155 12.0416 49.4072 85.5862 28.2843 76.6083 31.9531 69.3397 50.01 43.6653 59.4415 17.4642 83.0542 41.0488 31.305 98.005 34.3657 52.3259 28.1603 48.3587 67.897 25.1794 46.5725 40.6079 48.6621 34.4093 81.5383 27.5136 30.4138 85.0 67.2681 83.7327 12.0 41.0488 67.4166 58.2495 0.0 43.4005 93.9149 39.5601 36.2215 53.6004 72.6911 82.4924 55.0818 24.0208 42.7551 50.2195 55.905 61.0328 38.4708 41.1947 74.2035 52.4072 68.9938 57.2189 38.6394 30.4631 39.8497 53.0095 69.3824 43.6578 82.0 51.1077 23.0217 75.6463 23.8537 80.8084 12.7279 
43.5451 34.078 33.0131 8.06226 50.1324 61.7416 47.676 75.3041 93.5734 31.0644 65.9659 18.6815 36.2353 68.2642 16.644 27.4606 59.0931 30.0167 24.1661 45.5641 5.0 63.1674 29.1204 38.8973 44.6712 36.2491 69.3589 35.5074 66.8513 28.0384 68.4763 58.3116 40.0 50.1484 24.3516 91.4808 44.1022 43.4005 0.0 59.6825 82.9191 49.1627 33.6539 64.1936 70.8398 31.1127 27.5136 34.2053 62.8905 27.9045 25.0799 21.2846 46.9325 30.8869 21.0384 38.3275 38.4187 32.3883 54.5195 78.7648 16.0 44.5982 12.8062 57.0088 74.3008 65.46 32.5576 20.8476 74.0098 49.8932 
56.0896 73.4483 82.3468 53.6004 10.0499 89.1067 20.8087 119.32 84.119 85.3756 86.5593 54.7449 94.7439 45.0111 53.4883 62.6099 15.8114 89.3899 41.5933 71.8907 55.3397 55.6597 88.6454 96.0469 56.3497 92.1954 95.1105 26.3059 101.237 63.5059 42.0119 50.9215 30.8869 104.785 82.0061 82.5409 97.1648 93.9149 59.6825 0.0 125.904 66.4831 43.1856 53.3667 51.0392 82.0366 86.885 92.0 65.5142 45.2217 34.7131 55.4617 57.3847 32.5576 58.5964 25.2389 90.2552 91.0879 77.7946 107.91 43.9318 29.4109 69.0072 24.3311 79.5283 107.114 37.3363 74.3662 59.2115 91.2174 
70.8378 55.8032 50.5371 85.4301 119.635 38.0132 106.019 7.61577 72.0069 87.9659 59.6154 98.9601 53.4603 102.787 76.8375 66.2673 133.197 71.5681 87.2906 54.037 87.8773 85.0706 62.9682 82.0244 69.6563 85.2115 35.171 116.501 25.4951 65.437 105.75 86.9472 119.756 37.054 79.6241 71.007 94.0213 39.5601 82.9191 125.904 0.0 59.9083 82.801 90.1388 100.0 93.5575 62.3699 79.2275 79.3793 85.4584 96.5889 73.4652 68.6003 110.226 88.4301 101.065 94.4299 75.326 48.8774 26.0192 89.0324 97.9081 83.2166 109.241 59.0339 19.105 113.0 63.0714 95.1262 36.2353 
14.3178 20.8087 29.5466 41.1243 60.4415 22.6274 46.2277 53.7122 47.0924 65.7134 20.3455 61.8342 47.4236 47.0106 32.5293 21.9592 74.72 55.9017 32.463 8.06226 48.3309 31.7805 48.6004 68.593 11.7047 68.1175 28.8444 58.7206 34.8281 21.1373 49.163 31.0644 69.3399 48.1664 56.4465 45.0087 77.6233 36.2215 49.1627 66.4831 59.9083 0.0 23.3452 36.4966 46.2709 69.1925 46.4004 63.6553 14.7648 26.2654 44.0227 29.1571 9.43398 64.112 44.1243 41.8688 73.7741 60.1082 11.3137 41.6173 43.9544 38.0132 54.1251 49.3566 28.6804 41.5933 71.2739 33.2415 44.9222 27.4591 
13.3417 33.3766 43.2897 25.6125 37.2022 45.9674 23.3238 76.2758 57.0241 64.7177 43.4714 43.909 59.0762 34.8855 20.5913 24.0208 51.6236 60.8478 11.1803 28.8444 32.5269 29.5651 56.2939 72.2392 13.4164 69.809 52.0096 35.919 58.0517 25.02 35.4683 24.7093 46.5383 65.307 57.7773 55.263 77.7557 53.6004 33.6539 43.1856 82.801 23.3452 0.0 30.5913 37.2022 64.5368 54.1295 67.4343 30.6309 5.83095 22.0907 18.6815 14.2127 41.3104 28.6155 18.6011 72.0069 64.5317 34.6554 64.8151 22.8254 15.8114 46.4225 28.4429 51.8154 64.0703 48.4723 39.6232 40.4075 48.3011 
40.0633 55.9824 65.521 56.1383 53.0377 52.9528 35.0 85.3756 31.305 95.2631 31.2983 74.0628 83.1694 13.0384 50.924 55.5522 67.3647 91.0065 41.4005 44.5533 63.1182 5.09902 83.1793 102.785 38.1681 100.354 55.0273 58.0723 65.0 54.7304 16.4012 6.40312 68.6586 84.5931 88.3228 30.0167 108.301 72.6911 64.1936 53.3667 90.1388 36.4966 30.5913 0.0 10.0499 95.086 80.9465 97.9798 23.0217 36.2897 50.0899 48.819 36.573 63.4636 59.161 39.0512 102.556 94.6904 44.0454 66.2118 53.0094 28.4429 76.9622 29.1204 32.249 74.1485 70.6255 68.081 9.89949 63.0079 
47.0922 65.3856 74.961 62.8013 52.6118 62.9682 35.4401 95.3415 37.6431 101.904 41.3304 79.5375 92.5726 6.08276 57.7009 62.5811 66.0681 98.0353 47.4236 54.3323 69.527 15.1327 91.7297 109.562 45.1969 107.131 64.846 60.0083 74.9533 61.7592 9.48683 15.2971 70.5762 94.4299 95.0998 36.7967 114.942 82.4924 70.8398 51.0392 100.0 46.2709 37.2022 10.0499 0.0 101.671 89.4998 104.757 33.0606 43.0116 54.4059 55.596 43.5664 65.4536 65.9379 41.5933 109.202 101.467 54.0833 75.7694 58.6941 30.8869 83.6002 27.074 41.6293 84.1724 72.6155 75.1098 8.544 73.0 
62.8111 49.6777 47.3814 38.9487 72.0069 76.9025 75.2533 86.1452 113.603 6.40312 83.7964 27.2947 40.2616 98.813 47.5373 50.3645 76.0263 22.4722 54.4059 63.4854 32.2025 94.0598 30.5941 18.0278 64.701 13.0384 84.7231 55.7315 81.2219 49.5738 98.737 89.204 54.037 57.0088 14.0357 111.511 15.1327 55.0818 31.1127 82.0366 93.5575 69.1925 64.5368 95.086 101.671 0.0 31.257 17.0294 82.9203 58.7963 51.1329 52.178 66.9623 49.4975 51.9318 65.7968 8.24621 19.7231 71.5955 93.4345 43.909 73.9256 18.4391 85.4283 92.1313 78.1025 46.0 36.4005 104.902 64.2806 
42.4964 25.6125 18.868 33.3766 77.4102 48.7545 73.0068 54.9181 85.715 26.0 58.9682 41.1096 10.0 88.3578 35.0143 30.6757 86.539 10.7703 48.0104 39.6232 32.311 76.6047 2.23607 23.7065 44.3847 25.0 56.0803 62.9748 50.9902 29.7321 89.5091 76.5889 66.7308 26.4008 17.2627 83.6314 34.7851 24.0208 27.5136 86.885 62.3699 46.4004 54.1295 80.9465 89.4998 31.257 0.0 19.3132 61.0328 48.6621 52.1728 35.5106 46.5188 58.1808 45.054 64.128 33.2415 15.2315 46.2277 63.3482 42.9535 68.2642 23.3452 81.2219 67.3031 47.0 58.8303 14.5602 90.0029 34.4819 
58.0295 43.4166 38.0132 42.0595 82.0061 68.0294 81.7863 72.0625 104.221 10.6301 77.4739 39.0512 26.0192 102.046 50.4244 45.6125 88.2836 8.544 58.1893 57.6281 37.4833 92.768 17.72 5.0 59.9194 6.0 75.3923 66.1211 70.0928 44.8219 102.29 92.0978 66.7083 42.19 10.0499 102.137 15.5242 42.7551 34.2053 92.0 79.2275 63.6553 67.4343 97.9798 104.757 17.0294 19.3132 0.0 77.8332 61.6849 58.4209 49.0219 62.1807 60.2993 54.8188 72.3671 15.2971 4.12311 64.8999 82.4621 49.8197 78.7464 23.0217 91.214 85.8088 65.3758 58.4637 30.4138 107.796 53.7587 
23.7995 35.5106 44.2832 54.8521 63.3483 31.1492 45.378 63.4208 31.5039 79.6412 20.3602 72.3547 62.1691 34.9285 48.2808 35.4776 78.1106 70.2922 39.8532 22.4722 62.0587 18.0 63.2456 82.807 20.6725 82.058 44.4034 66.1108 54.1262 34.6558 37.6431 18.6815 76.73 61.9839 70.3743 29.4113 91.5511 50.2195 62.8905 65.5142 79.3793 14.7648 30.6309 23.0217 33.0606 82.9203 61.0328 77.8332 0.0 33.6555 51.4129 42.8849 17.6015 71.5021 57.8521 49.2105 87.7019 74.411 21.0238 56.0639 51.3446 37.5273 67.8529 42.8472 23.3539 51.6369 78.664 47.5079 30.5941 40.05 
15.6444 29.8155 38.9332 19.8494 38.1838 48.8408 26.5707 78.8751 64.3384 58.9682 46.495 38.9102 54.0 40.7063 14.7648 19.105 52.0096 55.1888 7.0 31.4456 26.9072 35.2635 50.8035 66.4897 15.9045 64.0596 55.0462 35.5213 60.8289 20.0998 41.2311 30.4077 46.1406 61.3754 52.0279 62.2458 72.0062 55.905 27.9045 45.2217 85.4584 26.2654 5.83095 36.2897 43.0116 58.7963 48.6621 61.6849 33.6555 0.0 19.2354 13.1529 16.9706 40.9127 22.8661 20.0 66.2665 58.8728 37.5443 67.843 18.0278 20.0998 40.673 33.0606 56.1884 66.6686 44.1147 34.2345 46.1059 50.7722 
33.4018 41.1096 49.0918 18.9737 25.2982 66.5982 24.1661 89.2851 76.7182 53.1601 64.2524 27.0713 60.5222 50.3289 20.0 30.4138 37.4079 55.0091 12.3693 48.6822 21.0238 49.2592 53.9351 62.8013 33.6619 59.439 72.8035 20.7114 75.1017 31.1448 49.4975 44.3847 31.3307 71.2327 48.3735 74.957 65.7904 61.0328 25.0799 34.7131 96.5889 44.0227 22.0907 50.0899 54.4059 51.1329 52.1728 58.4209 51.4129 19.2354 0.0 23.3452 34.7279 26.1027 24.6433 14.7648 59.2646 57.0789 55.3017 85.6003 9.21954 24.0416 35.5106 34.4819 71.5095 77.5576 33.2646 40.413 59.5399 60.3605 
28.1648 18.0278 26.9258 13.2462 47.1699 42.975 38.6394 66.1614 73.5677 52.3484 45.9603 33.9561 41.0488 53.4373 5.0 7.2111 59.7588 42.1977 13.9284 25.5585 20.4528 47.7928 37.6563 54.0199 24.6655 53.1415 50.8707 43.0623 51.9781 8.06226 54.0994 42.937 47.5501 49.3964 41.4372 71.4752 65.3864 38.4708 21.2846 55.4617 73.4652 29.1571 18.6815 48.819 55.596 52.178 35.5106 49.0219 42.8849 13.1529 23.3452 0.0 26.9268 38.0209 16.2462 30.6757 59.6466 45.8816 34.5139 62.3207 16.5529 33.0 34.0532 46.0 54.2952 54.434 40.794 21.095 58.6352 37.2369 
6.32456 22.3607 32.249 36.8111 51.1467 31.8904 37.4433 62.1289 48.2843 63.8925 29.773 55.6697 49.4773 42.5793 31.5959 19.7289 65.4252 54.9361 23.1682 14.7648 43.8727 32.2312 48.7545 67.1718 3.16228 66.33 38.2753 49.4258 43.8634 18.9071 44.1814 30.6833 60.0451 53.1507 54.6256 46.1918 75.8024 41.1947 46.9325 57.3847 68.6003 9.43398 14.2127 36.573 43.5664 66.9623 46.5188 62.1807 17.6015 16.9706 34.7279 26.9268 0.0 54.8172 41.8941 32.5774 71.9532 58.8933 20.6155 51.0392 34.6596 29.5296 51.8949 41.4367 40.1344 49.93 61.9791 32.249 45.6293 34.5398 
53.491 54.5551 62.2462 28.3052 22.561 79.7385 30.6583 102.906 91.2082 53.0377 84.3416 22.2036 67.1193 60.4111 33.1357 43.5691 28.4605 58.6941 35.3853 62.322 25.9422 63.703 59.6154 64.0703 53.7512 60.0 87.6342 6.32456 88.7416 44.7963 58.7305 58.7305 10.2956 81.0345 50.4876 89.447 64.6297 74.2035 30.8869 32.5576 110.226 64.112 41.3104 63.4636 65.4536 49.4975 58.1808 60.2993 71.5021 40.9127 26.1027 38.0209 54.8172 0.0 37.7963 24.499 57.7062 59.8415 75.3909 99.0842 23.3515 35.0407 37.6563 41.1123 85.9994 91.1966 7.61577 51.7336 71.9771 74.0003 
37.7429 32.7588 40.45 13.0 49.6293 56.7032 44.0139 81.1095 88.535 52.1022 60.9275 33.7099 52.1475 63.2268 11.6056 22.4222 61.8277 49.7732 19.4018 40.5257 20.2066 58.1347 47.0128 59.6236 39.6328 57.1935 64.3205 45.1311 66.5918 23.0 63.4707 53.279 47.3255 62.5894 45.1618 86.4424 65.1402 52.4072 21.0384 58.5964 88.4301 44.1243 28.6155 59.161 65.9379 51.9318 45.054 54.8188 57.8521 22.8661 24.6433 16.2462 41.8941 37.7963 0.0 35.074 59.4004 52.643 49.4811 76.352 16.6023 40.0156 33.807 52.7214 69.2624 69.4003 40.5694 31.7697 68.9771 52.2041 
31.2512 48.5273 57.5847 31.0161 18.6011 64.4476 9.48683 94.4819 66.7107 67.6757 62.0595 41.7352 71.0211 36.8917 29.4279 37.6962 33.121 68.2642 16.7631 47.0524 34.9285 39.2046 66.0725 76.9025 31.5113 73.7631 70.6045 19.1076 76.4357 38.6264 35.609 34.2345 29.7269 80.0562 62.3699 64.9495 80.4114 68.9938 38.3275 25.2389 101.065 41.8688 18.6011 39.0512 41.5933 65.7968 64.128 72.3671 49.2105 20.0 14.7648 30.6757 32.5774 24.499 35.074 0.0 73.9256 70.7107 53.1511 83.4086 22.561 10.7703 49.7293 19.7231 61.5019 82.2754 31.6609 50.636 47.7598 66.379 
67.802 54.5619 50.9608 46.4004 80.2309 80.9568 83.385 87.2067 115.511 8.06226 88.7646 35.5106 41.0488 106.508 55.0059 55.3553 84.0 23.0 62.1289 68.4763 39.9625 101.529 32.0624 13.8924 69.6919 9.48683 88.6002 63.9531 84.1724 54.5647 106.532 96.6736 62.0 57.4282 17.4642 113.428 7.0 57.2189 38.4187 90.2552 94.4299 73.7741 72.0069 102.556 109.202 8.24621 33.2415 15.2971 87.7019 66.2665 59.2646 59.6466 71.9532 57.7062 59.4004 73.9256 0.0 19.105 76.4853 96.5091 51.8845 81.8841 25.6125 93.5201 97.0995 80.0999 54.037 41.1461 112.372 67.4685 
54.7421 39.6989 34.0 40.025 81.1542 63.9766 80.0625 68.1175 100.397 13.4164 73.6502 39.2173 22.0 99.3086 48.2486 42.4382 88.0738 4.47214 56.0446 53.9073 36.0555 89.4521 13.6015 8.60233 56.632 10.0499 71.3092 65.4905 65.9697 41.6173 99.9641 88.8084 66.7608 38.3275 9.48683 98.3134 19.6469 38.6394 32.3883 91.0879 75.326 60.1082 64.5317 94.6904 101.467 19.7231 15.2315 4.12311 74.411 58.8728 57.0789 45.8816 58.8933 59.8415 52.643 70.7107 19.105 0.0 61.0328 78.339 48.2597 76.6551 22.2036 89.2693 81.9851 61.2944 58.5235 26.9072 104.507 49.6488 
24.5967 21.9317 27.5862 46.4811 71.7204 11.3137 57.5164 42.9535 39.6989 68.4471 13.2122 67.191 44.8219 55.7315 37.8861 27.3159 85.9989 56.6127 43.742 9.0 53.6876 39.0128 48.2701 69.6348 22.4722 69.9714 17.8885 69.9996 23.6008 26.4941 58.2495 39.4588 80.6188 41.7612 59.0339 37.6431 79.7559 30.4631 54.5195 77.7946 48.8774 11.3137 34.6554 44.0454 54.0833 71.5955 46.2277 64.8999 21.0238 37.5443 55.3017 34.5139 20.6155 75.3909 49.4811 53.1511 76.4853 61.0328 0.0 30.5287 50.0834 49.3146 56.5281 60.6453 21.2603 31.0161 74.0505 35.3412 51.3287 19.2354 
55.0727 46.5296 46.0977 74.2879 102.005 19.6977 87.6265 24.3516 46.0 88.955 37.6431 94.062 57.2451 79.1581 65.6929 55.1227 116.298 73.9797 74.0406 38.4838 80.5586 61.2699 64.7611 86.4002 53.0 88.295 12.8062 100.298 12.3693 54.1202 82.2982 63.6318 108.613 44.9444 79.6304 45.0444 97.9847 39.8497 78.7648 107.91 26.0192 41.6173 64.8151 66.2118 75.7694 93.4345 63.3482 82.4621 56.0639 67.843 85.6003 62.3207 51.0392 99.0842 76.352 83.4086 96.5091 78.339 30.5287 0.0 77.8902 79.4246 79.2971 90.7553 34.176 19.8494 101.857 58.0086 70.214 29.1548 
33.3335 33.3612 41.0523 9.84886 34.4894 58.5446 32.0156 81.7118 82.0274 45.31 61.5298 21.095 51.3038 55.3173 12.2066 23.0217 46.5992 46.0109 11.6619 41.1281 12.3693 51.9848 44.7214 54.3415 33.5936 51.2445 66.4402 27.8978 67.5476 23.6023 55.0 47.129 32.8807 63.1917 39.8121 79.9349 58.1808 53.0095 16.0 43.9318 89.0324 43.9544 22.8254 53.0094 58.6941 43.909 42.9535 49.8197 51.3446 18.0278 9.21954 16.5529 34.6596 23.3515 16.6023 22.561 51.8845 48.2597 50.0834 77.8902 0.0 30.0167 27.2029 41.7852 73.8775 70.0027 26.1247 32.3721 62.8013 52.8064 
29.1218 49.1207 59.0238 36.6879 25.9615 60.6228 8.60233 91.586 56.7501 75.1532 58.0739 50.2272 74.027 26.4008 33.3766 39.2046 40.8044 73.7888 20.6155 44.2945 42.0476 29.0 70.3491 83.4865 29.1548 80.7775 66.6251 29.6493 72.8538 40.1995 25.4558 24.0 40.2616 81.0683 68.9493 54.9889 88.1022 69.3824 44.5982 29.4109 97.9081 38.0132 15.8114 28.4429 30.8869 73.9256 68.2642 78.7464 37.5273 20.0998 24.0416 33.0 29.5296 35.0407 40.0156 10.7703 81.8841 76.6551 49.3146 79.4246 30.0167 0.0 56.8595 13.0 51.5414 79.404 42.2026 54.037 37.0 63.9766 
47.7437 34.6103 33.541 20.8087 59.0339 61.9875 59.203 75.6108 98.5358 18.3576 68.729 18.0278 33.3017 80.9938 29.4125 35.2971 65.9697 21.1896 36.7151 48.418 14.8661 75.936 24.0832 27.2947 49.6336 24.0416 69.8864 43.2897 67.3835 34.5064 81.1234 71.0802 44.9444 49.0918 13.0 96.4432 31.3847 43.6578 12.8062 69.0072 83.2166 54.1251 46.4225 76.9622 83.6002 18.4391 23.3452 23.0217 67.8529 40.673 35.5106 34.0532 51.8949 37.6563 33.807 49.7293 25.6125 22.2036 56.5281 79.2971 27.2029 56.8595 0.0 68.9493 77.0639 65.9697 36.7696 21.3798 86.7784 50.4254 
41.7732 61.8144 71.7176 49.2443 25.7099 71.9535 10.6301 102.987 60.1664 87.0919 69.4046 61.3796 87.023 21.2132 46.2709 52.1536 39.0128 86.4928 33.3766 56.0803 54.0833 31.7805 83.2947 95.8801 41.4849 92.9731 77.9558 35.609 84.1845 53.1507 18.6815 27.2947 45.2769 93.7443 81.3204 58.6941 99.925 82.0 57.0088 24.3311 109.241 49.3566 28.4429 29.1204 27.074 85.4283 81.2219 91.214 42.8472 33.0606 34.4819 46.0 41.4367 41.1123 52.7214 19.7231 93.5201 89.2693 60.6453 90.7553 41.7852 13.0 68.9493 0.0 56.854 90.8387 48.2701 67.0298 35.0143 75.9605 
46.3324 42.5715 48.7955 66.2624 77.3624 24.7386 59.3921 55.1453 18.4391 89.0459 12.3693 86.9723 66.0681 45.2769 57.6674 47.0972 92.1247 77.5878 62.6368 28.8251 73.469 27.4591 69.375 90.5859 43.2054 90.7864 24.0832 80.6081 35.0 46.2754 48.5489 30.4795 91.2274 61.7414 79.6791 16.4012 100.537 51.1077 74.3008 79.5283 59.0339 28.6804 51.8154 32.249 41.6293 92.1313 67.3031 85.8088 23.3539 56.1884 71.5095 54.2952 40.1344 85.9994 69.2624 61.5019 97.0995 81.9851 21.2603 34.176 73.8775 51.5414 77.0639 56.854 0.0 45.0999 93.1613 55.9747 36.1386 38.9102 
51.8556 36.8917 32.573 66.4003 100.845 21.2132 87.367 12.2066 60.8769 73.0 42.9535 81.501 39.4588 86.4789 57.8014 47.2361 114.166 57.1402 68.2594 35.2278 70.4183 69.0507 48.0416 68.884 50.8035 71.3442 21.587 97.4695 10.4403 46.4004 89.0689 70.2004 100.726 25.4951 64.0703 59.439 80.7527 23.0217 65.46 107.114 19.105 41.5933 64.0703 74.1485 84.1724 78.1025 47.0 65.3758 51.6369 66.6686 77.5576 54.434 49.93 91.1966 69.4003 82.2754 80.0999 61.2944 31.0161 19.8494 70.0027 79.404 65.9697 90.8387 45.0999 0.0 93.9698 45.2217 80.2247 17.2047 
60.6529 57.3283 65.0194 31.0644 27.7308 82.5117 37.8021 105.679 98.3701 50.2494 85.4969 19.4165 68.2422 67.573 36.175 46.9916 30.0666 57.9396 37.774 65.0952 27.5862 70.9111 60.0333 61.8142 60.9131 57.4282 90.4074 12.7279 91.5147 47.5694 65.8925 65.8925 8.24621 82.3942 49.0408 96.6089 61.0328 75.6463 32.5576 37.3363 113.0 71.2739 48.4723 70.6255 72.6155 46.0 58.8303 58.4637 78.664 44.1147 33.2646 40.794 61.9791 7.61577 40.5694 31.6609 54.037 58.5235 74.0505 101.857 26.1247 42.2026 36.7696 48.2701 93.1613 93.9698 0.0 53.0934 79.139 76.7735 
28.1065 13.4164 12.6491 28.7697 65.399 40.6079 59.2115 55.4617 74.3866 33.1059 47.6398 36.8886 20.3961 73.9679 21.2132 16.1555 79.9289 22.8035 34.1321 27.4591 25.8058 62.6405 16.7631 35.3553 29.9964 35.0 48.5077 56.3413 46.1736 15.2315 74.9927 62.199 60.7271 32.0156 23.7065 72.303 44.6542 23.8537 20.8476 74.3662 63.0714 33.2415 39.6232 68.081 75.1098 36.4005 14.5602 30.4138 47.5079 34.2345 40.413 21.095 32.249 51.7336 31.7697 50.636 41.1461 26.9072 35.3412 58.0086 32.3721 54.037 21.3798 67.0298 55.9747 45.2217 53.0934 0.0 76.0386 29.2746 
49.8795 65.0 74.3303 65.9545 60.208 59.0762 42.5793 90.934 29.6985 105.079 38.1182 83.8268 92.1141 14.5602 60.7401 63.7148 74.0 98.8307 51.225 52.8867 72.9344 13.4164 92.2356 112.601 48.7004 110.171 60.0167 66.5858 70.5762 62.893 18.0278 16.2788 77.201 92.5743 98.1389 29.0689 118.117 80.8084 74.0098 59.2115 95.1262 44.9222 40.4075 9.89949 8.544 104.902 90.0029 107.796 30.5941 46.1059 59.5399 58.6352 45.6293 71.9771 68.9771 47.7598 112.372 104.507 51.3287 70.214 62.8013 37.0 86.7784 35.0143 36.1386 80.2247 79.139 76.0386 0.0 70.5046 
