NAME  : Jabali_70_3_0.88_1_2
TYPE : SVRP
MODEL : FINITE_SUPPORT
NUMBER_OF_SCENARIOS : 200
DIMENSION : 70
EDGE_WEIGHT_TYPE : MATRIX
CAPACITY : 140
N_VEHICLES : 3
NODE_COORD_SECTION
1 3460 4404
2 4119 2484
3 672 2420
4 6471 5215
5 5280 2936
6 3205 1474
7 7118 6860
8 4364 2267
9 5339 5827
10 6278 1262
11 3491 6410
12 5477 1195
13 6454 2855
14 6601 379
15 7286 5722
16 1519 4264
17 1084 6266
18 4614 811
19 1923 2133
20 6622 2385
21 6442 1809
22 4155 2045
23 4678 613
24 5061 3215
25 3931 7298
26 1603 2950
27 1407 6039
28 158 5208
29 3114 5945
30 2852 3268
31 6556 1344
32 3651 342
33 2806 4306
34 322 6229
35 5826 5989
36 6819 6363
37 6352 6965
38 5403 5162
39 1033 5052
40 1818 4738
41 794 7472
42 27 6927
43 544 669
44 2732 5637
45 2735 4632
46 6950 2975
47 2673 1363
48 4077 4395
49 4372 3781
50 709 6576
51 3156 797
52 4351 18
53 3541 3156
54 3449 171
55 7269 7272
56 5697 5519
57 28 3606
58 5180 7289
59 2120 5496
60 4082 5760
61 4329 2710
62 4492 7365
63 4463 3150
64 3855 5550
65 4705 5409
66 2241 537
67 6867 3588
68 4586 6933
69 5335 1802
70 2708 6872
DEMAND_SECTION
1 0.0
2 4.0
3 8.0
4 7.0
5 5.0
6 2.0
7 9.0
8 2.0
9 6.0
10 5.0
11 9.0
12 6.0
13 7.0
14 2.0
15 3.0
16 7.0
17 6.0
18 4.0
19 6.0
20 5.0
21 6.0
22 6.0
23 8.0
24 9.0
25 2.0
26 7.0
27 7.0
28 1.0
29 3.0
30 6.0
31 5.0
32 8.0
33 10.0
34 10.0
35 2.0
36 1.0
37 2.0
38 2.0
39 8.0
40 10.0
41 5.0
42 1.0
43 9.0
44 2.0
45 4.0
46 6.0
47 9.0
48 3.0
49 6.0
50 2.0
51 3.0
52 10.0
53 8.0
54 10.0
55 7.0
56 3.0
57 4.0
58 5.0
59 6.0
60 8.0
61 4.0
62 8.0
63 6.0
64 1.0
65 9.0
66 3.0
67 5.0
68 1.0
69 4.0
70 2.0
DEVIATION_SECTION
1 0.0
2 1.33333
3 2.66667
4 2.33333
5 1.66667
6 0.666667
7 3.0
8 0.666667
9 2.0
10 1.66667
11 3.0
12 2.0
13 2.33333
14 0.666667
15 1.0
16 2.33333
17 2.0
18 1.33333
19 2.0
20 1.66667
21 2.0
22 2.0
23 2.66667
24 3.0
25 0.666667
26 2.33333
27 2.33333
28 0.333333
29 1.0
30 2.0
31 1.66667
32 2.66667
33 3.33333
34 3.33333
35 0.666667
36 0.333333
37 0.666667
38 0.666667
39 2.66667
40 3.33333
41 1.66667
42 0.333333
43 3.0
44 0.666667
45 1.33333
46 2.0
47 3.0
48 1.0
49 2.0
50 0.666667
51 1.0
52 3.33333
53 2.66667
54 3.33333
55 2.33333
56 1.0
57 1.33333
58 1.66667
59 2.0
60 2.66667
61 1.33333
62 2.66667
63 2.0
64 0.333333
65 3.0
66 1.0
67 1.66667
68 0.333333
69 1.33333
70 0.666667
DISTANCE_MATRIX
0.0 28.8752 46.6369 43.0813 29.8489 42.5233 61.8986 32.0525 36.189 55.8597 25.6113 50.1601 45.31 67.6502 55.497 27.0185 42.2019 51.4217 48.7798 49.6735 52.4869 34.8688 53.3771 25.6602 39.101 34.289 37.2022 47.2969 21.8403 27.7374 57.2303 58.6155 8.544 50.6063 41.2049 54.675 56.3883 29.9184 35.171 23.5372 56.3234 58.8218 75.7018 20.2485 10.0499 50.2892 46.564 8.94427 13.9284 48.6004 51.0833 62.1217 20.479 59.7984 67.0514 35.6536 48.2701 48.3198 24.2074 21.1487 26.1277 43.1023 21.0292 18.0308 29.9184 59.4976 47.5184 39.5035 42.2988 34.3445 
28.8752 0.0 47.0956 49.2037 16.5529 19.258 71.6938 3.60555 47.1795 33.541 52.8426 24.9345 32.5576 43.4476 61.7171 43.121 66.0705 25.5482 30.2655 34.0 32.9848 6.0 27.5036 15.6205 66.3323 36.5576 61.4173 65.5698 49.0874 20.2956 35.8469 36.2897 38.4717 72.4128 52.0 64.1405 67.2309 40.3113 54.4072 43.4422 82.2791 81.7296 54.24 48.0263 38.4717 38.833 23.4627 27.0886 18.2483 72.205 27.818 36.2482 13.6015 39.1138 77.026 46.0977 58.2676 65.9003 50.8171 48.38 3.60555 66.7316 9.84886 45.2621 40.9089 36.2437 40.3113 61.3515 18.7883 61.5757 
46.6369 47.0956 0.0 88.0001 62.8013 35.6931 106.25 49.0 78.7621 77.9295 63.0 67.2681 79.511 84.4808 100.757 26.9258 51.0882 56.6127 17.0294 81.0555 79.1581 47.0956 57.2451 60.4152 76.4924 21.4929 48.5077 38.0789 56.3028 33.3042 80.7527 46.5296 38.1838 51.4782 87.1577 100.628 97.9991 75.8712 35.1283 34.0147 67.0075 61.0 24.0 50.2494 38.1838 85.7088 29.7321 55.4643 54.4929 55.0364 38.4838 56.8243 42.0082 45.793 110.65 81.6064 18.0278 87.3212 44.7772 60.4574 49.366 81.095 52.3927 57.3395 75.8712 31.8277 86.122 78.2432 64.2112 71.7047 
43.0813 49.2037 88.0001 0.0 35.3412 67.2609 23.7697 50.4777 17.088 54.0 41.9762 56.0892 33.0606 66.1211 12.8062 69.2791 74.5728 63.3246 74.495 39.2046 47.0425 54.0833 65.192 34.1321 43.0465 74.5072 70.2567 86.1452 46.2709 54.7803 53.0848 74.2429 51.6236 84.5117 13.4536 16.2788 23.3452 14.1421 74.3303 63.9621 81.9085 89.822 101.415 51.0098 52.2641 32.0156 71.4656 34.176 34.2053 80.0625 75.8208 74.0945 47.2017 77.067 29.1204 11.4018 91.1286 32.6497 59.0085 33.0151 45.607 38.4187 39.6989 35.2278 24.0832 84.2466 24.0416 33.8378 48.7647 52.9528 
29.8489 16.5529 62.8013 35.3412 0.0 35.808 58.8727 16.4012 38.0132 26.6271 52.5209 23.3452 17.0294 38.9487 47.1699 54.1202 71.8652 28.1603 46.3249 20.2485 22.6716 19.8494 30.0832 4.24264 59.4501 51.0106 66.8722 76.1996 49.906 32.249 27.6586 38.9493 48.8323 80.4152 41.3038 51.264 56.0892 30.0167 64.783 53.2415 85.823 88.5055 70.79 48.8365 39.6469 23.0217 40.0127 26.2488 16.2788 78.2495 39.926 38.8973 23.3452 41.7733 64.2573 35.2278 72.1734 57.3149 53.8378 40.5495 13.6015 58.2117 11.1803 46.0807 32.389 53.3368 23.7697 52.8316 15.1327 62.3943 
42.5233 19.258 35.6931 67.2609 35.808 0.0 88.8171 20.098 63.2722 42.2966 66.4908 31.5753 51.4072 49.0408 79.9731 42.3756 69.2932 21.4709 18.9737 47.2036 44.0454 17.6412 22.4722 34.67 79.9804 29.6125 65.4246 62.4907 65.895 28.219 45.1774 16.1555 46.3954 73.0256 68.2662 81.4066 83.3614 56.8597 54.2481 47.6352 88.379 82.8576 38.9102 60.7019 46.3954 57.7258 7.61577 40.7367 33.838 74.6533 9.0 25.0 22.5792 17.4642 94.0489 62.6818 50.0899 81.9929 58.7408 62.0281 22.4735 83.9817 27.6887 58.9102 57.0016 19.2094 59.552 80.3829 29.0689 75.2239 
61.8986 71.6938 106.25 23.7697 58.8727 88.8171 0.0 73.3553 27.8029 77.2334 49.0408 79.8311 56.1427 89.0225 15.5242 83.2406 81.2158 86.977 95.674 62.0322 70.1142 76.9415 88.8651 57.2713 43.0116 94.3585 77.8781 96.3049 55.079 74.6316 76.0592 97.8192 70.4543 91.0824 21.2603 7.61577 10.0 32.0156 85.44 76.922 84.0238 94.1329 122.342 61.0983 68.0845 54.037 93.0054 52.9796 55.0 85.5862 97.377 97.7394 67.3573 100.643 5.38516 26.2488 105.589 27.074 69.2892 45.793 68.0955 36.0139 61.9112 49.0918 39.0512 105.803 46.0109 34.2345 72.5328 59.439 
32.0525 3.60555 49.0 50.4777 16.4012 20.098 73.3553 0.0 49.4773 30.4631 56.0199 21.6722 31.3209 40.1853 62.8013 46.5746 69.5244 22.2859 32.0156 32.1403 30.4138 3.60555 24.2413 16.4012 69.5096 39.171 64.8712 69.0234 52.2647 23.7493 32.8938 33.0275 41.9256 75.8668 54.0833 65.7647 69.2892 42.3792 57.8608 46.8962 85.7331 85.1835 55.08 51.2036 41.9256 37.6431 24.3027 30.2655 21.0238 75.659 34.0042 32.9859 17.2047 35.8515 78.7147 48.1041 60.8769 68.2011 54.271 51.5573 6.0 69.0324 12.1655 48.4394 43.2097 47.415 39.8246 63.6523 15.8114 64.7531 
36.189 47.1795 78.7621 17.088 38.0132 63.2722 27.8029 49.4773 0.0 62.0967 25.1794 61.2046 42.9535 74.7262 26.0768 55.9464 58.0775 65.4953 69.9644 49.2443 55.9732 52.8867 67.4507 35.0571 26.4008 68.6489 54.0 70.859 30.0167 48.922 61.9839 76.2368 42.9666 68.0661 6.7082 21.4709 20.8087 8.24621 59.439 49.98 64.846 72.9932 96.6323 35.3553 40.5968 44.1022 67.4249 27.2701 29.4662 63.3877 71.8321 76.1952 41.6613 79.0609 32.5576 5.83095 78.2943 19.6469 43.566 18.3848 43.6807 22.8035 37.3631 21.4709 11.3137 80.2579 37.0135 17.6918 53.0848 36.2215 
55.8597 33.541 77.9295 54.0 26.6271 42.2966 77.2334 30.4631 62.0967 0.0 77.8981 11.0454 21.095 12.6491 62.8013 76.5376 97.8761 23.5372 61.0 15.5242 7.28011 31.5905 24.0416 30.8058 84.8273 69.5066 92.883 98.9798 76.072 53.7122 3.16228 37.3631 71.7317 105.673 63.7887 70.0643 77.1038 53.8516 87.6824 76.7022 111.834 114.516 77.9295 75.0109 71.7317 24.3516 49.0408 52.8015 42.638 104.26 42.19 30.8869 46.0435 39.8497 82.3893 58.0517 91.1826 81.7435 79.8487 65.9267 33.2866 83.5703 35.3836 72.2467 57.7662 54.9181 31.7805 78.1857 14.7648 88.5603 
25.6113 52.8426 63.0 41.9762 52.5209 66.4908 49.0408 56.0199 25.1794 77.8981 0.0 74.1276 60.6245 91.6177 51.0098 37.7131 33.0 75.3892 57.4925 66.6111 72.3804 58.8363 77.3446 49.4262 13.6015 51.2945 29.1548 49.3249 8.09902 43.5162 78.1931 82.5829 28.8617 43.0 31.0 44.5533 39.5601 29.1548 38.4683 30.8029 40.3113 47.8539 83.5436 14.1803 25.8473 63.3277 69.989 28.2076 37.3848 38.2099 75.0507 86.0891 44.4465 83.7658 52.5547 30.5941 59.6127 25.6125 22.3132 12.8062 50.0951 18.6011 44.9967 14.3178 20.2485 78.9829 57.6888 16.4012 66.2663 11.0454 
50.1601 24.9345 67.2681 56.0892 23.3452 31.5753 79.8311 21.6722 61.2046 11.0454 74.1276 0.0 25.5539 18.6011 66.4078 68.0525 91.0023 12.6491 50.448 21.9317 15.2643 22.7778 13.4164 26.9258 82.7942 60.6938 86.3491 90.5013 70.3724 45.2272 14.1421 26.5707 63.4035 97.3447 64.0078 72.3671 78.3135 53.0848 79.3387 68.3741 106.135 106.661 66.9104 69.3113 63.4035 30.6105 38.1182 47.8539 37.5766 97.1369 31.1448 21.2603 38.1838 29.1548 85.1469 58.0 81.2159 80.6226 74.1491 63.8936 25.4951 81.5559 29.1548 66.5471 55.7332 43.9318 36.7151 76.1757 8.24621 82.8607 
45.31 32.5576 79.511 33.0606 17.0294 51.4072 56.1427 31.3209 42.9535 21.095 60.6245 25.5539 0.0 33.0606 41.7732 70.8308 86.8332 36.0694 62.8013 6.32456 14.0 34.176 37.5366 20.3961 67.424 60.0 81.8841 92.4771 62.9681 49.2544 20.025 49.0408 65.5347 95.7079 43.6807 49.0102 56.3205 34.8855 80.3905 68.7098 100.569 103.446 85.9608 63.2849 55.1152 6.32456 55.1681 39.9625 31.3847 93.1504 50.6063 46.2277 40.3113 51.8556 61.2944 38.2753 89.202 62.3939 68.884 48.6531 30.1496 65.3682 28.1603 60.5151 40.4926 64.0246 11.1803 60.0333 20.5183 70.6801 
67.6502 43.4476 84.4808 66.1211 38.9487 49.0408 89.0225 40.1853 74.7262 12.6491 91.6177 18.6011 33.0606 0.0 74.2428 86.5656 109.515 27.8927 68.0074 27.0 19.105 41.2909 27.4591 43.0465 97.4567 78.2036 104.862 109.014 87.8625 63.7402 13.0384 40.05 81.9166 115.858 76.2955 82.0061 89.3588 66.4831 97.8518 86.8871 123.625 125.174 81.0 86.8014 81.9166 35.2278 54.8179 64.8999 54.6443 115.65 46.6905 31.1448 56.6392 42.0 94.0851 70.6116 99.0106 94.3716 91.6392 78.5561 43.8634 96.2081 46.8615 84.0372 70.3956 58.0345 43.1045 90.824 25.4951 100.351 
55.497 61.7171 100.757 12.8062 47.1699 79.9731 15.5242 62.8013 26.0768 62.8013 51.0098 66.4078 41.7732 74.2428 0.0 81.0818 84.006 74.686 87.2929 47.3814 55.5788 66.4003 76.4853 46.4004 49.0408 87.2642 80.025 96.8762 56.0803 67.5373 61.4003 85.857 64.0344 94.0053 20.025 10.6301 20.5183 26.0 85.3288 75.4321 89.627 98.5089 114.215 61.4003 64.6653 39.0512 84.1778 46.578 47.0106 89.1403 86.8337 85.4283 60.0 88.681 20.0998 21.587 103.53 35.3553 69.5845 43.9318 58.1378 43.0813 52.345 46.5725 35.4401 96.9588 31.1448 39.5601 59.6154 62.0322 
27.0185 43.121 26.9258 69.2791 54.1202 42.3756 83.2406 46.5746 55.9464 76.5376 37.7131 68.0525 70.8308 86.5656 81.0818 0.0 26.9258 63.6648 26.9258 74.3303 75.2396 47.5432 64.7735 50.448 51.2055 20.7631 23.1948 22.4722 30.4138 22.8254 78.7147 57.2229 19.105 31.0644 62.6498 77.3886 74.6257 56.1017 12.2066 7.2111 43.4166 40.8167 50.01 24.0832 17.1172 76.3224 39.7848 35.3553 40.2479 32.311 48.7787 66.9726 31.0161 57.5675 87.4643 59.5261 22.3607 62.2896 17.8885 37.5766 43.382 55.8081 43.0116 34.544 45.6469 48.7647 74.2428 53.0979 61.7741 36.6883 
42.2019 66.0705 51.0882 74.5728 71.8652 69.2932 81.2158 69.5244 58.0775 97.8761 33.0 91.0023 86.8332 109.515 84.006 26.9258 0.0 91.6161 53.8516 91.586 94.5032 70.493 93.5715 67.6766 39.2173 47.6807 5.0 18.4391 38.2351 45.9836 99.2466 84.1405 38.2099 10.0 64.0 77.3175 71.3863 61.1105 16.0 22.8254 16.4924 16.6433 75.06 24.3516 33.9411 91.2504 66.7024 46.9686 55.7584 6.40312 75.6963 98.2358 53.4582 84.4851 84.1724 63.2857 38.2753 55.3624 18.0278 42.2435 66.0546 46.4866 63.0455 41.1096 51.26 75.6902 87.3831 47.0744 84.3152 22.0227 
51.4217 25.5482 56.6127 63.3246 28.1603 21.4709 86.977 22.2859 65.4953 23.5372 75.3892 12.6491 36.0694 27.8927 74.686 63.6648 91.6161 0.0 40.3113 33.6006 27.7308 23.3915 2.0 30.4138 88.8788 50.9018 86.9629 83.78 71.634 45.8409 26.6833 13.9284 64.0173 97.8349 69.2315 79.3788 84.1724 57.7062 79.9525 68.8469 107.483 106.967 54.4518 70.5729 64.0173 41.7732 26.9258 49.3972 39.3032 97.7506 19.0263 10.7703 38.7975 16.5529 92.358 63.1506 71.5542 84.4169 76.3627 70.9266 26.1479 85.2483 30.4297 67.8087 59.4256 31.4006 46.8615 79.8681 15.6205 84.1223 
48.7798 30.2655 17.0294 74.495 46.3249 18.9737 95.674 32.0156 69.9644 61.0 57.4925 50.448 62.8013 68.0074 87.2929 26.9258 53.8516 40.3113 0.0 64.1249 62.1289 30.0666 41.1461 44.2719 70.9849 14.198 50.01 46.0435 51.5335 26.0094 63.7972 31.8904 32.0339 57.2713 74.9803 88.4504 90.1637 63.6898 38.6264 32.2208 70.342 67.1193 28.6007 45.9332 32.0339 69.0507 14.2127 46.9932 40.4449 59.1354 23.4307 42.0119 29.1661 31.8277 100.827 69.429 31.3847 81.4876 42.3384 54.3166 32.7567 75.5692 36.4005 51.1987 63.6938 21.8403 69.9214 72.6713 47.1834 66.1972 
49.6735 34.0 81.0555 39.2046 20.2485 47.2036 62.0322 32.1403 49.2443 15.5242 66.6111 21.9317 6.32456 27.0 47.3814 74.3303 91.586 33.6006 64.1249 0.0 8.24621 34.5254 34.8281 24.1661 73.4983 70.2722 86.6083 96.4222 69.2288 52.1728 14.0357 47.1699 69.0549 100.24 50.0 55.0091 62.514 41.1461 84.7468 73.0662 105.399 108.227 85.3815 68.1732 59.4715 8.94427 54.6142 45.0 35.8469 97.9439 49.7695 43.1393 43.4166 49.93 67.1193 44.5982 91.7924 68.7095 73.5731 54.6397 32.1403 71.5891 31.3209 65.4035 46.4792 63.1585 16.2788 66.242 18.7883 76.6667 
52.4869 32.9848 79.1581 47.0425 22.6716 44.0454 70.1142 30.4138 55.9732 7.28011 72.3804 15.2643 14.0 19.105 55.5788 75.2396 94.5032 27.7308 62.1289 8.24621 0.0 32.0624 28.6531 26.9072 79.3095 69.5134 89.5102 97.509 72.5773 52.5547 6.08276 41.6293 70.1425 103.053 57.2713 63.0079 70.2567 47.7598 86.0931 75.113 108.462 111.143 81.2527 71.5052 62.2849 17.088 51.2445 48.7955 38.9487 100.887 45.3542 36.4005 44.2832 44.2832 75.2396 51.6624 91.2233 75.5844 76.4759 60.409 31.9531 77.8781 32.7567 68.752 52.2485 58.5235 24.5153 72.4983 15.0 82.436 
34.8688 6.0 47.0956 54.0833 19.8494 17.6412 76.9415 3.60555 52.8867 31.5905 58.8363 22.7778 34.176 41.2909 66.4003 47.5432 70.493 23.3915 30.0666 34.5254 32.0624 0.0 25.3469 20.0 72.326 38.176 65.8398 69.992 54.1748 24.7178 34.0915 34.1331 42.8942 76.7119 57.5847 69.3542 72.8011 45.8803 58.8294 47.7239 86.3603 86.1521 70.4568 54.02 42.8942 40.4969 39.6641 33.0822 24.1868 76.6276 35.1098 34.0915 18.7883 36.9571 82.2982 51.6236 59.7746 71.6225 55.2396 54.3737 9.21954 72.4538 15.5242 51.2558 46.6311 48.5206 43.0465 67.0737 17.1209 67.5694 
53.3771 27.5036 57.2451 65.192 30.0832 22.4722 88.8651 24.2413 67.4507 24.0416 77.3446 13.4164 37.5366 27.4591 76.4853 64.7735 93.5715 2.0 41.1461 34.8281 28.6531 25.3469 0.0 32.3883 90.8342 52.0104 88.9183 84.8886 73.5894 47.7963 27.2029 13.3417 65.9727 99.7903 71.1969 81.2712 86.122 59.6825 81.9079 70.8023 109.439 108.922 54.231 72.5282 65.9727 43.1393 27.5136 51.3526 41.2586 99.1205 19.2354 8.94427 40.7529 15.8114 94.2444 65.1153 72.4707 86.3723 78.3181 72.882 28.1033 87.2036 32.3851 69.7641 61.3809 31.1448 48.4149 81.8235 17.2047 86.0777 
25.6602 15.6205 60.4152 34.1321 4.24264 34.67 57.2713 16.4012 35.0571 30.8058 49.4262 26.9258 20.3961 43.0465 46.4004 50.448 67.6766 30.4138 44.2719 24.1661 26.9072 20.0 32.3883 0.0 56.1548 48.1814 62.6836 72.5172 45.671 29.0172 31.8904 41.2004 45.1499 76.2266 38.833 49.6588 53.8516 27.2947 60.7335 49.0529 81.6221 84.3169 69.6419 44.5982 35.4583 26.0768 38.8747 22.0227 12.0416 74.0609 42.1772 41.1589 20.025 44.0245 62.6498 32.7567 69.029 54.0852 49.6492 37.2543 12.2066 54.9165 8.06226 41.8457 29.0938 51.6557 25.7099 49.5363 18.6815 58.1593 
39.101 66.3323 76.4924 43.0465 59.4501 79.9804 43.0116 69.5096 26.4008 84.8273 13.6015 82.7942 67.424 97.4567 49.0408 51.2055 39.2173 88.8788 70.9849 73.4983 79.3095 72.326 90.8342 56.1548 0.0 64.7869 36.6742 55.9464 21.5914 58.6197 85.1223 96.0726 42.45 48.7647 29.9666 40.4475 33.0151 33.2415 48.0604 44.2953 41.1096 51.1566 97.036 27.6728 39.3397 69.527 85.0925 41.6972 50.2566 42.9535 88.5404 99.5788 57.9361 97.2555 45.3982 32.2025 73.1051 16.2788 35.8056 23.3452 63.5848 7.28011 58.1737 26.0768 27.2947 94.0864 62.9365 9.48683 74.5796 19.2094 
34.289 36.5576 21.4929 74.5072 51.0106 29.6125 94.3585 39.171 68.6489 69.5066 51.2945 60.6938 60.0 78.2036 87.2642 20.7631 47.6807 50.9018 14.198 70.2722 69.5134 38.176 52.0104 48.1814 64.7869 0.0 43.8121 40.8782 45.3355 19.8114 72.0074 44.4599 25.8359 51.4131 73.6648 87.1349 85.6603 62.3783 32.6356 26.0227 64.1664 61.2451 40.2491 39.7351 25.8359 74.0286 27.0217 45.6777 41.0 53.0408 36.0156 54.2096 28.5153 44.8044 99.5114 68.1135 29.7099 75.2896 36.1403 48.1185 38.1321 69.3711 40.1248 45.0006 62.3783 36.0156 73.7209 66.199 54.9608 59.9992 
37.2022 61.4173 48.5077 70.2567 66.8722 65.4246 77.8781 64.8712 54.0 92.883 29.1548 86.3491 81.8841 104.862 80.025 23.1948 5.0 86.9629 50.01 86.6083 89.5102 65.8398 88.9183 62.6836 36.6742 43.8121 0.0 19.4165 24.0208 41.3304 94.2536 80.2719 33.3017 14.3178 60.075 73.6817 68.1542 56.5685 13.6015 18.3848 20.6155 21.6333 72.3395 19.6469 29.0 86.3308 62.8338 42.0476 50.774 11.4018 71.8277 93.3665 48.805 80.6165 81.0432 59.0762 37.1214 52.5547 13.0384 37.6563 61.4014 43.8634 58.0525 36.4005 46.6905 71.8053 82.4643 43.9659 79.3221 18.4391 
47.2969 65.5698 38.0789 86.1452 76.1996 62.4907 96.3049 69.0234 70.859 98.9798 49.3249 90.5013 92.4771 109.014 96.8762 22.4722 18.4391 83.78 46.0435 96.4222 97.509 69.992 84.8886 72.5172 55.9464 40.8782 19.4165 0.0 41.2311 45.2769 101.119 77.3369 40.4969 14.1421 77.2787 91.444 87.0435 72.0625 12.1655 23.7697 31.0483 23.0868 61.6604 35.5106 37.3631 97.5304 59.8164 54.4518 61.131 19.3132 68.884 87.0877 53.2259 77.6209 99.9496 75.4255 22.0227 71.6336 27.2947 53.1507 65.7647 63.0639 65.1141 51.0098 62.0725 67.1193 94.7259 62.9239 84.22 37.308 
21.8403 49.0874 56.3028 46.2709 49.906 65.895 55.079 52.2647 30.0167 76.072 8.09902 70.3724 62.9681 87.8625 56.0803 30.4138 38.2351 71.634 51.5335 69.2288 72.5773 54.1748 73.5894 45.671 21.5914 45.3355 24.0208 41.2311 0.0 37.8844 77.4231 77.9214 24.0832 38.2617 36.2215 50.2195 45.8176 32.7567 30.4631 23.3452 46.6923 53.6068 77.4726 6.40312 20.3961 65.6714 64.3572 24.4524 33.6296 43.7384 73.3511 81.4276 39.7849 82.1399 58.8112 35.0571 52.0096 32.6852 14.3178 14.3178 46.3399 26.194 41.2415 14.2127 23.0868 73.3511 60.0752 23.4838 62.5111 16.8037 
27.7374 20.2956 33.3042 54.7803 32.249 28.219 74.6316 23.7493 48.922 53.7122 43.5162 45.2272 49.2544 63.7402 67.5373 22.8254 45.9836 45.8409 26.0094 52.1728 52.5547 24.7178 47.7963 29.0172 58.6197 19.8114 41.3304 45.2769 37.8844 0.0 55.9017 44.3112 18.3848 52.3259 53.9379 67.408 69.1214 42.6514 34.2053 23.3452 61.8508 61.6198 61.3838 32.6913 18.3848 55.0818 32.2501 25.9508 21.1896 52.1181 36.779 53.2142 9.0 45.4941 79.7844 48.3866 40.0125 67.8385 30.7302 40.6674 20.6155 62.621 21.095 37.5495 42.6514 45.1812 54.231 59.0222 38.9487 52.5481 
57.2303 35.8469 80.7527 53.0848 27.6586 45.1774 76.0592 32.8938 61.9839 3.16228 78.1931 14.1421 20.025 13.0384 61.4003 78.7147 99.2466 26.6833 63.7972 14.0357 6.08276 34.0915 27.2029 31.8904 85.1223 72.0074 94.2536 101.119 77.4231 55.9017 0.0 40.5216 73.8019 107.743 63.3482 69.0 76.3217 53.7587 89.7525 78.7724 113.205 115.887 81.0494 76.3675 73.8019 22.561 52.0096 53.9073 43.8634 105.631 45.2769 34.0 48.0208 43.0116 81.1542 57.7235 93.6836 81.6088 81.2193 66.2217 35.3553 83.7735 37.0135 73.5978 58.0613 58.0517 30.2655 78.3901 17.088 89.9115 
58.6155 36.2897 46.5296 74.2429 38.9493 16.1555 97.8192 33.0275 76.2368 37.3631 82.5829 26.5707 49.0408 40.05 85.857 57.2229 84.1405 13.9284 31.8904 47.1699 41.6293 34.1331 13.3417 41.2004 96.0726 44.4599 80.2719 77.3369 77.9214 44.3112 40.5216 0.0 62.4875 87.8729 79.9849 90.2119 94.914 68.4904 69.0955 62.4826 100.626 97.7049 41.0488 76.794 62.4875 55.0 17.6918 56.8289 50.0447 89.5007 8.48528 10.2956 38.6714 2.82843 103.203 73.9029 63.0079 95.1584 74.833 78.1203 36.8894 100.074 41.1712 75.0024 70.1671 18.0 59.4138 90.6096 28.6007 91.3161 
8.544 38.4717 38.1838 51.6236 48.8323 46.3954 70.4543 41.9256 42.9666 71.7317 28.8617 63.4035 65.5347 81.9166 64.0344 19.105 38.2099 64.0173 32.0339 69.0549 70.1425 42.8942 65.9727 45.1499 42.45 25.8359 33.3017 40.4969 24.0832 18.3848 73.8019 62.4875 0.0 45.607 49.7423 63.2124 62.2037 38.4558 28.6356 17.0 53.2541 54.4885 58.085 20.2237 4.47214 71.0242 44.8576 17.4642 21.1525 44.5533 53.8515 71.3905 25.8594 62.6403 74.8547 44.191 39.8277 51.833 21.095 24.6619 38.4558 46.6155 37.7468 21.544 38.4558 53.8515 55.1476 43.0167 57.001 37.6662 
50.6063 72.4128 51.4782 84.5117 80.4152 73.0256 91.0824 75.8668 68.0661 105.673 43.0 97.3447 95.7079 115.858 94.0053 31.0644 10.0 97.8349 57.2713 100.24 103.053 76.7119 99.7903 76.2266 48.7647 51.4131 14.3178 14.1421 38.2617 52.3259 107.743 87.8729 45.607 0.0 74.0 87.2812 81.2158 70.859 18.868 29.0 17.088 9.84886 75.326 33.9559 41.6173 100.319 70.4348 56.0803 64.4127 6.40312 79.4287 97.6226 59.8005 88.2175 93.9415 73.2542 36.1248 65.0 26.9258 51.9711 72.3969 56.0446 71.5956 50.6952 61.0 78.924 96.509 56.8859 90.9421 32.0156 
41.2049 52.0 87.1577 13.4536 41.3038 68.2662 21.2603 54.0833 6.7082 63.7887 31.0 64.0078 43.6807 76.2955 20.025 62.6498 64.0 69.2315 74.9803 50.0 57.2713 57.5847 71.1969 38.833 29.9666 73.6648 60.075 77.2787 36.2215 53.9379 63.3482 79.9849 49.7423 74.0 0.0 14.7648 15.2315 11.7047 65.9697 56.648 69.857 78.5175 101.648 41.7732 47.3044 43.8634 72.4408 32.2859 34.4819 69.1158 76.8262 79.9433 46.6772 82.8089 26.1725 6.08276 85.0 19.4165 50.01 25.0799 48.4665 25.0 42.1545 28.178 17.8045 85.2519 36.2353 20.5913 56.0803 42.0119 
54.675 64.1405 100.628 16.2788 51.264 81.4066 7.61577 65.7647 21.4709 70.0643 44.5533 72.3671 49.0102 82.0061 10.6301 77.3886 77.3175 79.3788 88.4504 55.0091 63.0079 69.3542 81.2712 49.6588 40.4475 87.1349 73.6817 91.444 50.2195 67.408 69.0 90.2119 63.2124 87.2812 14.7648 0.0 9.89949 24.7588 80.3617 71.3092 81.4985 91.022 115.371 56.0446 62.0597 47.2652 85.6037 45.756 47.634 82.0549 89.9666 90.1388 60.1415 93.0359 13.0 19.105 99.7447 25.632 64.2884 39.8121 60.5392 33.9559 54.3783 42.9418 32.45 98.3923 39.2046 31.1448 65.0 55.3263 
56.3883 67.2309 97.9991 23.3452 56.0892 83.3614 10.0 69.2892 20.8087 77.1038 39.5601 78.3135 56.3205 89.3588 20.5183 74.6257 71.3863 84.1724 90.1637 62.514 70.2567 72.8011 86.122 53.8516 33.0151 85.6603 68.1542 87.0435 45.8176 69.1214 76.3217 94.914 62.2037 81.2158 15.2315 9.89949 0.0 26.9258 76.1868 68.0955 74.027 84.1487 116.832 51.8941 59.8338 55.3173 87.6243 47.4694 49.6488 75.6637 91.9214 94.8724 61.8606 97.738 13.0 21.1896 96.8969 17.1172 60.0318 37.6431 63.6946 26.0192 57.3847 41.1096 32.0156 100.457 47.2969 24.3311 70.5762 49.7293 
29.9184 40.3113 75.8712 14.1421 30.0167 56.8597 32.0156 42.3792 8.24621 53.8516 29.1548 53.0848 34.8855 66.4831 26.0 56.1017 61.1105 57.7062 63.6898 41.1461 47.7598 45.8803 59.6825 27.2947 33.2415 62.3783 56.5685 72.0625 32.7567 42.6514 53.7587 68.4904 38.4558 70.859 11.7047 24.7588 26.9258 0.0 60.208 49.824 69.4622 76.668 90.2928 37.1214 39.0867 36.4005 61.0328 20.9995 23.0217 66.7996 65.4196 68.4488 35.3836 71.3145 37.2022 5.83095 77.9512 27.8927 45.0111 19.0263 36.7696 30.5287 30.4631 21.095 10.0 73.8454 29.6985 25.2389 45.0111 39.8497 
35.171 54.4072 35.1283 74.3303 64.783 54.2481 85.44 57.8608 59.439 87.6824 38.4683 79.3387 80.3905 97.8518 85.3288 12.2066 16.0 79.9525 38.6264 84.7468 86.0931 58.8294 81.9079 60.7335 48.0604 32.6356 13.6015 12.1655 30.4631 34.2053 89.7525 69.0955 28.6356 18.868 65.9697 80.3617 76.1868 60.208 0.0 11.7047 32.249 28.6531 59.0762 24.3516 25.2982 85.44 51.6574 42.2966 49.0408 20.6155 60.6513 78.8452 41.81 69.4401 89.1805 63.7887 23.8537 63.0545 16.1555 41.4367 54.4064 55.1687 53.6975 39.1152 50.2494 60.407 82.5651 53.8531 72.9452 29.4129 
23.5372 43.4422 34.0147 63.9621 53.2415 47.6352 76.922 46.8962 49.98 76.7022 30.8029 68.3741 68.7098 86.8871 75.4321 7.2111 22.8254 68.8469 32.2208 73.0662 75.113 47.7239 70.8023 49.0529 44.2953 26.0227 18.3848 23.7697 23.3452 23.3452 78.7724 62.4826 17.0 29.0 56.648 71.3092 68.0955 49.824 11.7047 0.0 39.0 38.2884 56.7539 16.9706 13.6015 73.7631 45.0444 31.0161 37.3631 28.8444 54.0383 76.2202 30.8299 62.8271 81.0062 53.8516 28.8444 55.3891 10.7703 31.6228 43.4263 48.8979 42.7173 28.8617 40.025 54.0383 71.0211 46.1877 61.9715 30.7187 
56.3234 82.2791 67.0075 81.9085 85.823 88.379 84.0238 85.7331 64.846 111.834 40.3113 106.135 100.569 123.625 89.627 43.4166 16.4924 107.483 70.342 105.399 108.462 86.3603 109.439 81.6221 41.1096 64.1664 20.6155 31.0483 46.6923 61.8508 113.205 100.626 53.2541 17.088 69.857 81.4985 74.027 69.4622 32.249 39.0 0.0 12.2066 91.0055 37.8878 48.8262 103.272 83.1882 60.6586 69.6372 12.0416 92.1821 114.857 69.6668 100.971 86.0523 70.5195 52.7731 57.0 32.2025 52.2234 82.1024 48.0104 77.0039 53.2552 60.3738 92.1792 97.6758 50.3587 98.2736 30.0167 
58.8218 81.7296 61.0 89.822 88.5055 82.8576 94.1329 85.1835 72.9932 114.516 47.8539 106.661 103.446 125.174 98.5089 40.8167 16.6433 106.967 67.1193 108.227 111.143 86.1521 108.922 84.3169 51.1566 61.2451 21.6333 23.0868 53.6068 61.6198 115.887 97.7049 54.4885 9.84886 78.5175 91.022 84.1487 76.668 28.6531 38.2884 12.2066 0.0 84.7172 40.8083 50.3289 107.843 80.2668 63.5612 72.4017 10.2956 89.2607 107.455 69.1172 98.0495 96.5194 78.4474 45.0111 67.3647 34.6699 58.6989 81.7136 58.3095 79.6858 57.565 67.296 88.7694 103.994 60.0083 100.259 36.8782 
75.7018 54.24 24.0 101.415 70.79 38.9102 122.342 55.08 96.6323 77.9295 83.5436 66.9104 85.9608 81.0 114.215 50.01 75.06 54.4518 28.6007 85.3815 81.2527 70.4568 54.231 69.6419 97.036 40.2491 72.3395 61.6604 77.4726 61.3838 81.0494 41.0488 58.085 75.326 101.648 115.371 116.832 90.2928 59.0762 56.7539 91.0055 84.7172 0.0 71.8679 58.085 92.1717 31.305 73.9152 67.367 79.0253 35.9026 50.0899 56.0882 39.0 127.495 96.0969 40.2616 107.539 67.4463 80.3677 57.4543 101.62 62.426 77.2498 90.3617 23.0868 94.534 98.7224 66.7608 92.2483 
20.2485 48.0263 50.2494 51.0098 48.8365 60.7019 61.0983 51.2036 35.3553 75.0109 14.1803 69.3113 63.2849 86.8014 61.4003 24.0832 24.3516 70.5729 45.9332 68.1732 71.5052 54.02 72.5282 44.5982 27.6728 39.7351 19.6469 35.5106 6.40312 32.6913 76.3675 76.794 20.2237 33.9559 41.7732 56.0446 51.8941 37.1214 24.3516 16.9706 37.8878 40.8083 71.8679 0.0 16.0312 67.6786 59.1641 23.3968 32.5576 30.5185 68.158 85.697 39.6301 76.9468 64.8845 40.05 45.607 38.7666 8.24621 18.1108 45.2788 32.2754 40.1803 16.7631 27.1662 68.158 63.8113 29.5651 61.45 22.885 
10.0499 38.4717 38.1838 52.2641 39.6469 46.3954 68.0845 41.9256 40.5968 71.7317 25.8473 63.4035 55.1152 81.9166 64.6653 17.1172 33.9411 64.0173 32.0339 59.4715 62.2849 42.8942 65.9727 35.4583 39.3397 25.8359 29.0 37.3631 20.3961 18.3848 73.8019 62.4875 4.47214 41.6173 47.3044 62.0597 59.8338 39.0867 25.2982 13.6015 48.8262 50.3289 58.085 16.0312 0.0 60.1685 44.8576 18.2483 23.7697 40.3113 53.8515 71.3905 25.8594 62.6403 72.4848 44.1563 38.8973 49.4065 16.6433 22.292 38.4558 43.8292 30.8272 19.1741 30.277 53.8515 57.5587 40.4969 57.001 34.552 
50.2892 38.833 85.7088 32.0156 23.0217 57.7258 54.037 37.6431 44.1022 24.3516 63.3277 30.6105 6.32456 35.2278 39.0512 76.3224 91.2504 41.7732 69.0507 8.94427 17.088 40.4969 43.1393 26.0768 69.527 74.0286 86.3308 97.5304 65.6714 55.0818 22.561 55.0 71.0242 100.319 43.8634 47.2652 55.3173 36.4005 85.44 73.7631 103.272 107.843 92.1717 67.6786 60.1685 0.0 61.3789 44.2832 36.4005 97.5474 56.8243 51.6624 46.0977 57.8014 59.0 38.9487 95.0842 63.0635 73.4098 51.3563 36.3456 66.8506 34.0147 52.4036 43.1856 70.2353 8.06226 61.6117 26.4008 73.3833 
46.564 23.4627 29.7321 71.4656 40.0127 7.61577 93.0054 24.3027 67.4249 49.0408 69.989 38.1182 55.1681 54.8179 84.1778 39.7848 66.7024 26.9258 14.2127 54.6142 51.2445 39.6641 27.5136 38.8747 85.0925 27.0217 62.8338 59.8164 64.3572 32.2501 52.0096 17.6918 44.8576 70.4348 72.4408 85.6037 87.6243 61.0328 51.6574 45.0444 83.1882 80.2668 31.305 59.1641 44.8576 61.3789 0.0 44.7774 38.0132 72.0625 9.21954 27.8029 26.9545 17.8045 98.2293 66.8506 45.4863 94.3113 55.162 67.1403 26.6782 89.0938 31.8934 64.0224 61.1543 13.0 63.7567 85.495 36.3456 80.336 
8.94427 27.0886 55.4643 34.176 26.2488 40.7367 52.9796 30.2655 27.2701 52.8015 28.2076 47.8539 39.9625 64.8999 46.578 35.3553 46.9686 49.3972 46.9932 45.0 48.7955 33.0822 51.3526 22.0227 41.6972 45.6777 42.0476 54.4518 24.4524 25.9508 53.9073 56.8289 17.4642 56.0803 32.2859 45.756 47.4694 20.9995 42.2966 31.0161 60.6586 63.5612 73.9152 23.3968 18.2483 44.2832 44.7774 0.0 10.2956 53.2656 49.2967 60.3351 18.6924 58.0118 58.1325 26.7346 57.0088 45.9908 29.1548 23.7449 24.3311 46.8222 18.9737 20.627 20.9995 57.711 40.5216 41.442 39.8246 36.9407 
13.9284 18.2483 54.4929 34.2053 16.2788 33.838 55.0 21.0238 29.4662 42.638 37.3848 37.5766 31.3847 54.6443 47.0106 40.2479 55.7584 39.3032 40.4449 35.8469 38.9487 24.1868 41.2586 12.0416 50.2566 41.0 50.774 61.131 33.6296 21.1896 43.8634 50.0447 21.1525 64.4127 34.4819 47.634 49.6488 23.0217 49.0408 37.3631 69.6372 72.4017 67.367 32.5576 23.7697 36.4005 38.0132 10.2956 0.0 62.1289 42.398 50.0031 13.0384 51.113 60.2163 28.8444 60.2993 48.187 37.7359 32.9222 15.0333 49.0183 9.05539 29.8043 23.1956 50.8237 34.0588 43.6381 29.5296 46.1179 
48.6004 72.205 55.0364 80.0625 78.2495 74.6533 85.5862 75.659 63.3877 104.26 38.2099 97.1369 93.1504 115.65 89.1403 32.311 6.40312 97.7506 59.1354 97.9439 100.887 76.6276 99.1205 74.0609 42.9535 53.0408 11.4018 19.3132 43.7384 52.1181 105.631 89.5007 44.5533 6.40312 69.1158 82.0549 75.6637 66.7996 20.6155 28.8444 12.0416 10.2956 79.0253 30.5185 40.3113 97.5474 72.0625 53.2656 62.1289 0.0 81.0564 104.538 59.5927 89.8452 88.2836 68.7314 40.7922 59.2284 24.4131 48.4092 72.1891 50.2195 69.4298 47.2753 57.4257 80.9568 93.704 51.3517 90.6994 27.1662 
51.0833 27.818 38.4838 75.8208 39.926 9.0 97.377 34.0042 71.8321 42.19 75.0507 31.1448 50.6063 46.6905 86.8337 48.7787 75.6963 19.0263 23.4307 49.7695 45.3542 35.1098 19.2354 42.1772 88.5404 36.0156 71.8277 68.884 73.3511 36.779 45.2769 8.48528 53.8515 79.4287 76.8262 89.9666 91.9214 65.4196 60.6513 54.0383 92.1821 89.2607 35.9026 68.158 53.8515 56.8243 9.21954 49.2967 42.398 81.0564 0.0 18.6011 31.1392 8.94427 102.609 71.2417 54.6443 90.5529 66.1969 70.5881 31.0335 92.5417 36.2487 67.4702 65.5615 13.4164 60.5282 88.9429 31.0161 83.7839 
62.1217 36.2482 56.8243 74.0945 38.8973 25.0 97.7394 32.9859 76.1952 30.8869 86.0891 21.2603 46.2277 31.1448 85.4283 66.9726 98.2358 10.7703 42.0119 43.1393 36.4005 34.0915 8.94427 41.1589 99.5788 54.2096 93.3665 87.0877 81.4276 53.2142 34.0 10.2956 71.3905 97.6226 79.9433 90.1388 94.8724 68.4488 78.8452 76.2202 114.857 107.455 50.0899 85.697 71.3905 51.6624 27.8029 60.3351 50.0031 104.538 18.6011 0.0 47.5744 11.4018 103.121 73.8613 73.2393 95.1169 83.7359 81.6265 36.8479 95.9482 41.1296 78.5086 70.1255 27.4591 57.2014 90.5681 26.0768 94.8223 
20.479 13.6015 42.0082 47.2017 23.3452 22.5792 67.3573 17.2047 41.6613 46.0435 44.4465 38.1838 40.3113 56.6392 60.0 31.0161 53.4582 38.7975 29.1661 43.4166 44.2832 18.7883 40.7529 20.025 57.9361 28.5153 48.805 53.2259 39.7849 9.0 48.0208 38.6714 25.8594 59.8005 46.6772 60.1415 61.8606 35.3836 41.81 30.8299 69.6668 69.1172 56.0882 39.6301 25.8594 46.0977 26.9545 18.6924 13.0384 59.5927 31.1392 47.5744 0.0 39.8543 72.5237 41.1096 49.0102 60.382 38.2048 39.9839 12.8062 61.9374 12.1655 36.866 35.3907 39.8855 45.2769 58.3386 31.4006 53.1796 
59.7984 39.1138 45.793 77.067 41.7733 17.4642 100.643 35.8515 79.0609 39.8497 83.7658 29.1548 51.8556 42.0 88.681 57.5675 84.4851 16.5529 31.8277 49.93 44.2832 36.9571 15.8114 44.0245 97.2555 44.8044 80.6165 77.6209 82.1399 45.4941 43.0116 2.82843 62.6403 88.2175 82.8089 93.0359 97.738 71.3145 69.4401 62.8271 100.971 98.0495 39.0 76.9468 62.6403 57.8014 17.8045 58.0118 51.113 89.8452 8.94427 11.4018 39.8543 0.0 106.027 76.7269 62.6259 97.9825 74.9857 79.3032 39.7135 101.257 43.9953 76.1853 72.9911 16.1245 62.2415 93.4337 31.4006 92.4989 
67.0514 77.026 110.65 29.1204 64.2573 94.0489 5.38516 78.7147 32.5576 82.3893 52.5547 85.1469 61.2944 94.0851 20.0998 87.4643 84.1724 92.358 100.827 67.1193 75.2396 82.2982 94.2444 62.6498 45.3982 99.5114 81.0432 99.9496 58.8112 79.7844 81.1542 103.203 74.8547 93.9415 26.1725 13.0 13.0 37.2022 89.1805 81.0062 86.0523 96.5194 127.495 64.8845 72.4848 59.0 98.2293 58.1325 60.2163 88.2836 102.609 103.121 72.5237 106.027 0.0 31.4006 109.772 29.1548 73.0254 50.2195 73.4302 38.2099 67.2309 53.6004 43.8634 111.035 51.0098 37.108 77.8845 62.6418 
35.6536 46.0977 81.6064 11.4018 35.2278 62.6818 26.2488 48.1041 5.83095 58.0517 30.5941 58.0 38.2753 70.6116 21.587 59.5261 63.2857 63.1506 69.429 44.5982 51.6624 51.6236 65.1153 32.7567 32.2025 68.1135 59.0762 75.4255 35.0571 48.3866 57.7235 73.9029 44.191 73.2542 6.08276 19.105 21.1896 5.83095 63.7887 53.8516 70.5195 78.4474 96.0969 40.05 44.1563 38.9487 66.8506 26.7346 28.8444 68.7314 71.2417 73.8613 41.1096 76.7269 31.4006 0.0 81.8583 24.1661 48.1664 22.3607 42.5441 28.3196 36.2491 25.0 13.9284 79.6675 31.6228 23.3452 50.04 41.5933 
48.2701 58.2676 18.0278 91.1286 72.1734 50.0899 105.589 60.8769 78.2943 91.1826 59.6127 81.2159 89.202 99.0106 103.53 22.3607 38.2753 71.5542 31.3847 91.7924 91.2233 59.7746 72.4707 69.029 73.1051 29.7099 37.1214 22.0227 52.0096 40.0125 93.6836 63.0079 39.8277 36.1248 85.0 99.7447 96.8969 77.9512 23.8537 28.8444 52.7731 45.0111 40.2616 45.607 38.8973 95.0842 45.4863 57.0088 60.2993 40.7922 54.6443 73.2393 49.0102 62.6259 109.772 81.8583 0.0 84.1989 38.2099 59.9333 59.8063 77.7077 61.0737 56.8762 67.9791 49.5782 94.0851 74.9975 76.6551 53.2625 
48.3198 65.9003 87.3212 32.6497 57.3149 81.9929 27.074 68.2011 19.6469 81.7435 25.6125 80.6226 62.3939 94.3716 35.3553 62.2896 55.3624 84.4169 81.4876 68.7095 75.5844 71.6225 86.3723 54.0852 16.2788 75.2896 52.5547 71.6336 32.6852 67.8385 81.6088 95.1584 51.833 65.0 19.4165 25.632 17.1172 27.8927 63.0545 55.3891 57.0 67.3647 107.539 38.7666 49.4065 63.0635 94.3113 45.9908 48.187 59.2284 90.5529 95.1169 60.382 97.9825 29.1548 24.1661 84.1989 0.0 46.8994 28.6356 62.4269 9.05539 56.1041 32.2025 27.1662 103.305 55.5698 9.21954 72.4431 34.4384 
24.2074 50.8171 44.7772 59.0085 53.8378 58.7408 69.2892 54.271 43.566 79.8487 22.3132 74.1491 68.884 91.6392 69.5845 17.8885 18.0278 76.3627 42.3384 73.5731 76.4759 55.2396 78.3181 49.6492 35.8056 36.1403 13.0384 27.2947 14.3178 30.7302 81.2193 74.833 21.095 26.9258 50.01 64.2884 60.0318 45.0111 16.1555 10.7703 32.2025 34.6699 67.4463 8.24621 16.6433 73.4098 55.162 29.1548 37.7359 24.4131 66.1969 83.7359 38.2048 74.9857 73.0254 48.1664 38.2099 46.8994 0.0 26.0 50.1167 40.4082 45.0182 24.1868 35.0143 64.1559 69.5856 37.698 66.2878 22.821 
21.1487 48.38 60.4574 33.0151 40.5495 62.0281 45.793 51.5573 18.3848 65.9267 12.8062 63.8936 48.6531 78.5561 43.9318 37.5766 42.2435 70.9266 54.3166 54.6397 60.409 54.3737 72.882 37.2543 23.3452 48.1185 37.6563 53.1507 14.3178 40.6674 66.2217 78.1203 24.6619 51.9711 25.0799 39.8121 37.6431 19.0263 41.4367 31.6228 52.2234 58.6989 80.3677 18.1108 22.292 51.3563 67.1403 23.7449 32.9222 48.4092 70.5881 81.6265 39.9839 79.3032 50.2195 22.3607 59.9333 28.6356 26.0 0.0 45.6325 25.1794 40.534 3.60555 9.05539 76.1342 45.7602 20.6155 55.679 22.3348 
26.1277 3.60555 49.366 45.607 13.6015 22.4735 68.0955 6.0 43.6807 33.2866 50.0951 25.4951 30.1496 43.8634 58.1378 43.382 66.0546 26.1479 32.7567 32.1403 31.9531 9.21954 28.1033 12.2066 63.5848 38.1321 61.4014 65.7647 46.3399 20.6155 35.3553 36.8894 38.4558 72.3969 48.4665 60.5392 63.6946 36.7696 54.4064 43.4263 82.1024 81.7136 57.4543 45.2788 38.4558 36.3456 26.6782 24.3311 15.0333 72.1891 31.0335 36.8479 12.8062 39.7135 73.4302 42.5441 59.8063 62.4269 50.1167 45.6325 0.0 63.2582 6.32456 42.5146 37.4355 39.4592 37.3363 57.8781 18.6011 58.8283 
43.1023 66.7316 81.095 38.4187 58.2117 83.9817 36.0139 69.0324 22.8035 83.5703 18.6011 81.5559 65.3682 96.2081 43.0813 55.8081 46.4866 85.2483 75.5692 71.5891 77.8781 72.4538 87.2036 54.9165 7.28011 69.3711 43.8634 63.0639 26.194 62.621 83.7735 100.074 46.6155 56.0446 25.0 33.9559 26.0192 30.5287 55.1687 48.8979 48.0104 58.3095 101.62 32.2754 43.8292 66.8506 89.0938 46.8222 49.0183 50.2195 92.5417 95.9482 61.9374 101.257 38.2099 28.3196 77.7077 9.05539 40.4082 25.1794 63.2582 0.0 56.9354 28.4429 26.6833 98.0877 59.8164 5.38516 73.3413 26.0768 
21.0292 9.84886 52.3927 39.6989 11.1803 27.6887 61.9112 12.1655 37.3631 35.3836 44.9967 29.1548 28.1603 46.8615 52.345 43.0116 63.0455 30.4297 36.4005 31.3209 32.7567 15.5242 32.3851 8.06226 58.1737 40.1248 58.0525 65.1141 41.2415 21.095 37.0135 41.1712 37.7468 71.5956 42.1545 54.3783 57.3847 30.4631 53.6975 42.7173 77.0039 79.6858 62.426 40.1803 30.8272 34.0147 31.8934 18.9737 9.05539 69.4298 36.2487 41.1296 12.1655 43.9953 67.2309 36.2491 61.0737 56.1041 45.0182 40.534 6.32456 56.9354 0.0 37.4161 31.1127 44.6744 33.7343 51.5553 21.4009 53.7298 
18.0308 45.2621 57.3395 35.2278 46.0807 58.9102 49.0918 48.4394 21.4709 72.2467 14.3178 66.5471 60.5151 84.0372 46.5725 34.544 41.1096 67.8087 51.1987 65.4035 68.752 51.2558 69.7641 41.8457 26.0768 45.0006 36.4005 51.0098 14.2127 37.5495 73.5978 75.0024 21.544 50.6952 28.178 42.9418 41.1096 21.095 39.1152 28.8617 53.2552 57.565 77.2498 16.7631 19.1741 52.4036 64.0224 20.627 29.8043 47.2753 67.4702 78.5086 36.866 76.1853 53.6004 25.0 56.8762 32.2025 24.1868 3.60555 42.5146 28.4429 37.4161 0.0 11.1803 73.0163 46.8075 24.0416 58.6858 23.3666 
29.9184 40.9089 75.8712 24.0832 32.389 57.0016 39.0512 43.2097 11.3137 57.7662 20.2485 55.7332 40.4926 70.3956 35.4401 45.6469 51.26 59.4256 63.6938 46.4792 52.2485 46.6311 61.3809 29.0938 27.2947 62.3783 46.6905 62.0725 23.0868 42.6514 58.0613 70.1671 38.4558 61.0 17.8045 32.45 32.0156 10.0 50.2494 40.025 60.3738 67.296 90.3617 27.1662 30.277 43.1856 61.1543 20.9995 23.1956 57.4257 65.5615 70.1255 35.3907 72.9911 43.8634 13.9284 67.9791 27.1662 35.0143 9.05539 37.4355 26.6833 31.1127 11.1803 0.0 73.9873 37.4433 21.3776 47.5186 30.493 
59.4976 36.2437 31.8277 84.2466 53.3368 19.2094 105.803 47.415 80.2579 54.9181 78.9829 43.9318 64.0246 58.0345 96.9588 48.7647 75.6902 31.4006 21.8403 63.1585 58.5235 48.5206 31.1448 51.6557 94.0864 36.0156 71.8053 67.1193 73.3511 45.1812 58.0517 18.0 53.8515 78.924 85.2519 98.3923 100.457 73.8454 60.407 54.0383 92.1792 88.7694 23.0868 68.158 53.8515 70.2353 13.0 57.711 50.8237 80.9568 13.4164 27.4591 39.8855 16.1245 111.035 79.6675 49.5782 103.305 64.1559 76.1342 39.4592 98.0877 44.6744 73.0163 73.9873 0.0 73.9391 94.4889 44.3847 88.0148 
47.5184 40.3113 86.122 24.0416 23.7697 59.552 46.0109 39.8246 37.0135 31.7805 57.6888 36.7151 11.1803 43.1045 31.1448 74.2428 87.3831 46.8615 69.9214 16.2788 24.5153 43.0465 48.4149 25.7099 62.9365 73.7209 82.4643 94.7259 60.0752 54.231 30.2655 59.4138 55.1476 96.509 36.2353 39.2046 47.2969 29.6985 82.5651 71.0211 97.6758 103.994 94.534 63.8113 57.5587 8.06226 63.7567 40.5216 34.0588 93.704 60.5282 57.2014 45.2769 62.2415 51.0098 31.6228 94.0851 55.5698 69.5856 45.7602 37.3363 59.8164 33.7343 46.8075 37.4433 73.9391 0.0 54.6717 31.241 67.7872 
39.5035 61.3515 78.2432 33.8378 52.8316 80.3829 34.2345 63.6523 17.6918 78.1857 16.4012 76.1757 60.0333 90.824 39.5601 53.0979 47.0744 79.8681 72.6713 66.242 72.4983 67.0737 81.8235 49.5363 9.48683 66.199 43.9659 62.9239 23.4838 59.0222 78.3901 90.6096 43.0167 56.8859 20.5913 31.1448 24.3311 25.2389 53.8531 46.1877 50.3587 60.0083 98.7224 29.5651 40.4969 61.6117 85.495 41.442 43.6381 51.3517 88.9429 90.5681 58.3386 93.4337 37.108 23.3452 74.9975 9.21954 37.698 20.6155 57.8781 5.38516 51.5553 24.0416 21.3776 94.4889 54.6717 0.0 67.9611 25.632 
42.2988 18.7883 64.2112 48.7647 15.1327 29.0689 72.5328 15.8114 53.0848 14.7648 66.2663 8.24621 20.5183 25.4951 59.6154 61.7741 84.3152 15.6205 47.1834 18.7883 15.0 17.1209 17.2047 18.6815 74.5796 54.9608 79.3221 84.22 62.5111 38.9487 17.088 28.6007 57.001 90.9421 56.0803 65.0 70.5762 45.0111 72.9452 61.9715 98.2736 100.259 66.7608 61.45 57.001 26.4008 36.3456 39.8246 29.5296 90.6994 31.0161 26.0768 31.4006 31.4006 77.8845 50.04 76.6551 72.4431 66.2878 55.679 18.6011 73.3413 21.4009 58.6858 47.5186 44.3847 31.241 67.9611 0.0 74.9994 
