NAME  : Jabali_70_3_0.90_1_2
TYPE : SVRP
MODEL : FINITE_SUPPORT
NUMBER_OF_SCENARIOS : 200
DIMENSION : 70
EDGE_WEIGHT_TYPE : MATRIX
CAPACITY : 132
N_VEHICLES : 3
NODE_COORD_SECTION
1 3943 4801
2 5942 6545
3 4255 18
4 5680 6870
5 4919 1372
6 155 4045
7 3388 2670
8 4394 359
9 8786 4888
10 3998 6429
11 1718 2388
12 5401 6643
13 4113 2235
14 4338 2931
15 6254 2709
16 4363 3243
17 3475 528
18 4837 120
19 4845 2120
20 4186 34
21 4718 3183
22 4239 8292
23 4277 5062
24 1142 2849
25 27 4663
26 6671 3362
27 7943 2949
28 3029 1720
29 8282 3471
30 5155 1366
31 6056 1977
32 2849 1588
33 5077 2912
34 4233 85
35 2119 7537
36 3102 6996
37 1895 5178
38 2966 7831
39 2605 1718
40 1347 6042
41 3011 8334
42 1920 6918
43 470 4327
44 2268 7677
45 2411 3769
46 3715 8050
47 6284 5700
48 4967 1164
49 6424 1293
50 6804 4262
51 7060 1964
52 5317 5701
53 3285 8809
54 5480 146
55 5022 841
56 4039 767
57 6124 5038
58 3321 7428
59 5091 2365
60 3213 627
61 1177 4530
62 6571 4522
63 2216 1957
64 6687 3047
65 4833 8044
66 7420 5373
67 1064 6357
68 3817 3238
69 2356 7166
70 2712 8064
DEMAND_SECTION
1 0.0
2 3.0
3 9.0
4 6.0
5 3.0
6 6.0
7 5.0
8 3.0
9 9.0
10 3.0
11 7.0
12 2.0
13 6.0
14 7.0
15 2.0
16 6.0
17 3.0
18 6.0
19 9.0
20 5.0
21 2.0
22 10.0
23 4.0
24 2.0
25 9.0
26 3.0
27 8.0
28 7.0
29 4.0
30 9.0
31 4.0
32 8.0
33 9.0
34 6.0
35 2.0
36 3.0
37 1.0
38 5.0
39 6.0
40 4.0
41 4.0
42 4.0
43 2.0
44 6.0
45 7.0
46 6.0
47 7.0
48 6.0
49 2.0
50 7.0
51 8.0
52 9.0
53 8.0
54 7.0
55 4.0
56 1.0
57 10.0
58 5.0
59 8.0
60 6.0
61 9.0
62 5.0
63 3.0
64 1.0
65 1.0
66 8.0
67 4.0
68 3.0
69 1.0
70 1.0
DEVIATION_SECTION
1 0.0
2 1.0
3 3.0
4 2.0
5 1.0
6 2.0
7 1.66667
8 1.0
9 3.0
10 1.0
11 2.33333
12 0.666667
13 2.0
14 2.33333
15 0.666667
16 2.0
17 1.0
18 2.0
19 3.0
20 1.66667
21 0.666667
22 3.33333
23 1.33333
24 0.666667
25 3.0
26 1.0
27 2.66667
28 2.33333
29 1.33333
30 3.0
31 1.33333
32 2.66667
33 3.0
34 2.0
35 0.666667
36 1.0
37 0.333333
38 1.66667
39 2.0
40 1.33333
41 1.33333
42 1.33333
43 0.666667
44 2.0
45 2.33333
46 2.0
47 2.33333
48 2.0
49 0.666667
50 2.33333
51 2.66667
52 3.0
53 2.66667
54 2.33333
55 1.33333
56 0.333333
57 3.33333
58 1.66667
59 2.66667
60 2.0
61 3.0
62 1.66667
63 1.0
64 0.333333
65 0.333333
66 2.66667
67 1.33333
68 1.0
69 0.333333
70 0.333333
DISTANCE_MATRIX
0.0 35.6931 66.314 36.0555 49.9033 52.6308 33.2504 62.5974 66.2193 24.3588 46.0435 32.0156 36.691 27.1295 44.3931 23.5589 61.4003 65.2801 40.2953 66.314 25.3079 47.2579 5.09902 47.5395 53.0754 46.239 61.9401 45.7938 62.619 51.3755 47.5523 47.0504 30.5538 66.314 51.532 37.8316 27.7207 48.0833 46.8507 39.4431 54.4527 50.7424 48.1664 51.532 25.7099 45.3934 34.1321 52.0024 58.4247 39.5749 58.0083 22.4722 60.9829 67.1518 55.8476 57.4996 30.4138 42.6905 38.167 60.9923 38.2099 36.3593 46.5296 49.493 44.9159 48.1041 44.5044 24.0432 46.8041 52.5308 
35.6931 0.0 91.1764 5.09902 74.3229 86.2854 63.2851 87.206 45.3982 26.1725 81.4985 6.7082 63.3246 53.6004 50.9902 50.2195 88.6002 88.6398 63.3162 91.1764 49.3356 33.1361 30.5941 83.1986 85.1971 44.0454 55.5428 77.6466 52.8867 75.795 57.9665 79.511 53.145 91.1764 51.4296 37.7359 58.8383 43.0116 80.2247 62.6595 45.7056 53.0094 81.3342 50.5668 61.3922 36.2215 12.53 76.4219 68.0147 32.7567 62.482 14.0357 47.0106 85.7818 78.5429 83.2281 20.5183 36.7696 59.2945 88.7694 71.5607 28.8444 81.0 47.5079 25.7099 26.0 65.1715 53.2353 48.0208 46.8402 
66.314 91.1764 0.0 93.9834 19.6469 77.3175 36.8917 4.12311 89.3588 88.1861 46.0435 90.8297 29.7321 39.2046 45.0999 42.8019 12.1655 7.81025 28.8617 0.0 42.19 111.085 68.2495 56.0357 83.863 55.0818 62.5859 27.6586 70.406 21.3776 35.3553 28.2843 39.3954 0.0 103.541 96.2465 74.686 107.415 31.1448 88.5664 113.523 95.7332 76.9415 105.077 55.0364 109.221 81.3444 18.2483 32.9848 66.6108 44.3847 77.8549 119.398 16.2788 15.0 9.43398 72.5385 101.105 32.7811 15.2971 72.8011 68.2532 37.054 52.0096 108.467 83.7257 93.5201 43.8634 98.8686 110.946 
36.0555 5.09902 93.9834 0.0 76.5885 84.5813 64.9384 90.013 50.2494 23.8537 82.0975 4.12311 65.7875 55.9732 55.1543 52.4976 91.0824 91.9733 66.1231 93.9834 52.0 28.0713 31.0161 83.1865 83.4938 48.6004 60.5392 79.4292 57.9741 78.0607 61.9795 81.2158 55.952 93.9834 47.5079 34.2053 57.135 38.6264 81.7435 59.7455 41.0 49.679 79.6562 46.5296 61.5224 31.4006 17.4642 78.6875 72.1388 37.5899 67.0075 16.1555 42.0476 89.7949 82.5328 86.0058 25.0 32.6497 63.6052 91.0934 69.8575 33.6155 82.1523 52.0096 20.6155 31.0161 62.2415 54.9181 44.4072 42.3792 
49.9033 74.3229 19.6469 76.5885 0.0 72.9932 26.0217 15.5242 71.1969 71.4169 44.3847 73.4348 15.3693 23.0 26.0768 26.4307 22.1359 16.4012 11.2462 19.6469 25.0227 94.2853 51.7955 53.7587 78.3135 36.0555 46.0977 25.5539 53.4883 2.23607 16.0 27.4591 21.7883 19.6469 99.2714 85.571 64.1079 96.7393 30.5287 78.035 102.192 84.843 71.3442 99.2714 45.19 92.4514 63.7289 2.23607 18.3848 47.1699 28.8444 60.4601 103.608 17.4642 6.40312 14.3178 54.923 90.43 15.1655 24.1661 65.0081 48.7021 36.2353 33.2415 91.4587 64.2806 83.0763 29.4008 94.5435 100.27 
52.6308 86.2854 77.3175 84.5813 72.9932 0.0 47.8017 76.0592 118.117 61.2661 31.4006 80.537 58.9406 58.5314 83.9102 58.9988 65.6201 82.0061 69.9214 77.3175 63.2383 79.3095 57.2425 21.587 7.81025 90.1014 106.923 50.01 112.074 74.5078 86.3707 49.0918 67.9589 77.3175 53.3385 56.5685 27.8568 63.0079 46.1736 31.1448 68.1836 45.0999 5.09902 55.3263 31.3847 72.111 86.6423 74.8131 90.6512 91.1424 97.525 74.6179 75.326 88.1419 77.4145 69.029 82.8794 62.2896 71.1688 62.8013 14.7648 87.9273 40.3113 89.5815 83.3607 100.658 32.9848 52.154 51.0098 63.1981 
33.2504 63.2851 36.8917 64.9384 26.0217 47.8017 0.0 34.0 79.2591 55.9222 23.4307 61.1882 11.1803 13.0384 37.9121 14.8661 29.0689 38.6264 22.1359 36.8917 18.3576 78.5105 35.9029 30.8058 52.6118 44.8219 60.9523 14.5602 66.5282 27.4939 41.0709 16.2788 21.9317 36.8917 66.8207 59.5246 38.2776 70.6929 17.0 52.2048 76.8009 59.0128 45.7056 68.3568 19.2354 73.7443 57.2189 28.0713 43.6373 51.0544 51.5269 49.2544 82.8985 42.7551 31.4006 27.4591 49.8197 64.5137 23.7065 28.0179 39.0 50.6745 18.9737 43.8634 76.4793 66.4335 57.2461 10.0499 62.1482 74.2238 
62.5974 87.206 4.12311 90.013 15.5242 76.0592 34.0 0.0 85.4751 84.4105 45.0444 86.8592 26.1725 35.4683 41.0488 39.0512 12.53 6.32456 24.7992 4.12311 38.2753 107.31 64.5368 55.0364 82.3893 51.0392 58.9406 26.0768 66.7083 17.2627 31.257 27.0 35.3412 4.12311 100.745 93.4492 72.0902 104.618 30.0167 86.0058 110.726 92.9375 75.4255 102.282 52.5547 105.445 77.2819 14.1421 29.4109 62.514 40.8044 73.8845 116.601 14.4222 11.0454 7.07107 68.476 98.3082 28.7185 15.6525 70.8308 64.1385 36.0555 48.0 104.623 79.6304 91.0 40.4599 96.0729 108.148 
66.2193 45.3982 89.3588 50.2494 71.1969 118.117 79.2591 85.4751 0.0 67.7791 102.498 51.788 72.6154 66.242 45.3542 65.0717 93.1719 83.0542 64.8277 89.3588 60.9016 78.0577 62.426 108.882 119.206 35.7351 28.6356 90.0777 20.8806 69.0507 55.5428 92.3093 58.1808 89.3588 95.5092 81.2712 93.8879 88.0738 94.4299 105.61 91.0824 95.5571 113.952 94.921 88.6703 81.6149 36.0555 71.8471 57.0 28.6007 46.0977 48.3322 92.2659 77.0584 74.4312 85.5102 36.0555 81.4923 60.8687 94.8921 104.139 30.4138 97.949 38.0789 70.0 19.9249 107.434 72.27 91.4166 91.9837 
24.3588 26.1725 88.1861 23.8537 71.4169 61.2661 55.9222 84.4105 67.7791 0.0 62.6498 20.0 58.6393 48.9856 59.4186 45.3852 83.3591 86.8017 61.2511 88.1861 46.4217 26.6271 20.15 62.0081 60.1759 53.9729 69.5802 65.281 69.4554 72.889 68.1688 66.47 51.0816 88.1861 28.2843 14.0357 33.8171 23.7697 65.9431 37.1447 29.1548 27.7794 56.3383 28.0713 41.3038 23.4307 31.7805 73.5159 79.0413 46.3852 71.8753 19.703 34.1321 88.9666 77.3612 79.446 33.5454 16.7631 58.7349 82.9511 46.545 42.3987 64.6205 57.0204 25.9615 47.927 39.6567 46.0019 23.7697 27.6586 
46.0435 81.4985 46.0435 82.0975 44.3847 31.4006 23.4307 45.0444 102.498 62.6498 0.0 78.0577 32.8024 36.4005 61.2869 37.7359 34.2345 51.1566 43.8292 46.0435 41.6173 87.3613 51.0882 10.0 38.3275 68.2495 84.327 19.4165 89.9389 46.0977 64.4457 18.1108 45.3431 46.0435 68.7968 65.5935 37.4433 75.1593 15.0333 49.5177 81.3941 60.4649 31.6228 70.4911 21.3776 81.9916 77.8048 45.8803 62.2448 74.2923 72.2398 67.7422 88.569 57.8705 47.8017 38.1182 71.2673 71.895 46.2277 31.4006 30.0 74.434 9.0 67.2681 88.459 88.2594 53.7587 31.305 64.4981 76.9415 
32.0156 6.7082 90.8297 4.12311 73.4348 80.537 61.1882 86.8592 51.788 20.0 78.0577 0.0 62.3939 52.5547 53.1842 49.0408 87.6641 88.8196 62.9694 90.8297 48.7545 27.6586 27.0 79.0759 79.4486 47.1699 60.0833 75.71 58.0517 74.9069 59.9911 77.4661 52.7982 90.8297 44.7214 31.0644 53.0898 36.4005 77.9419 56.1869 39.3192 46.4004 75.611 43.8634 57.4282 30.0167 17.2627 75.5338 70.1506 36.7696 65.4599 13.0384 41.0488 87.8064 79.3791 82.7647 23.7065 30.0832 60.4515 87.5957 65.8122 32.6956 78.2304 50.4777 21.0238 32.1403 58.6989 51.1957 41.3401 40.2616 
36.691 63.3246 29.7321 65.7875 15.3693 58.9406 11.1803 26.1725 72.6154 58.6393 32.8024 62.3939 0.0 9.84886 29.5719 13.4164 25.2982 29.6816 11.1803 29.7321 14.1421 81.5384 38.6304 41.1825 63.7887 37.1214 52.6121 17.4642 58.2455 16.8415 32.7308 19.6977 14.5602 29.7321 77.4962 70.2 48.9531 81.3683 21.9545 62.8803 87.4763 69.6882 56.8859 83.9004 30.0384 79.6738 55.3263 17.4683 32.9848 45.3542 42.9798 49.6488 93.3513 32.573 21.1896 20.8087 47.0473 75.059 13.4536 25.4951 50.04 45.5412 26.2488 35.5885 79.0759 61.6604 67.9215 14.4222 72.8236 84.8992 
27.1295 53.6004 39.2046 55.9732 23.0 58.5314 13.0384 35.4683 66.242 48.9856 36.4005 52.5547 9.84886 0.0 25.3852 3.60555 35.1141 38.2884 14.5602 39.2046 5.38516 71.8847 29.0689 43.1856 62.8858 31.8904 48.4149 25.1794 53.7401 24.4721 28.544 27.2947 9.43398 39.2046 76.4976 62.7972 47.7645 73.9655 28.8617 61.6917 79.4183 68.4996 56.073 76.4976 28.8498 70.0201 46.0435 25.099 40.6155 38.0789 39.0 39.8497 85.9485 40.2485 28.9443 30.5287 38.0526 67.6562 14.0 35.171 48.8719 37.699 31.7805 31.1448 69.3397 53.7135 66.7329 8.06226 71.7697 77.4964 
44.3931 50.9902 45.0999 55.1543 26.0768 83.9102 37.9121 41.0488 45.3542 59.4186 61.2869 53.1842 29.5719 25.3852 0.0 25.5098 47.8539 39.8121 21.5097 45.0999 21.0376 79.3207 45.9403 68.512 88.2646 10.0 23.3452 46.9784 29.4109 24.0208 10.198 49.2144 16.0153 45.0999 87.9868 73.2688 69.8973 82.3177 51.5263 81.7448 87.2749 87.1972 81.4518 87.9868 54.2286 79.4672 39.4081 27.0 17.0294 21.8403 14.1421 41.3118 90.8572 35.8469 30.1496 40.3113 30.6105 75.2466 17.5507 49.5632 74.2507 24.1661 55.6047 7.28011 73.8506 38.833 86.8061 32.6799 83.2588 86.2824 
23.5589 50.2195 42.8019 52.4976 26.4307 58.9988 14.8661 39.0512 65.0717 45.3852 37.7359 49.0408 13.4164 3.60555 25.5098 0.0 38.6264 41.7732 17.4642 42.8019 4.47214 68.2843 25.4951 43.8634 63.3532 31.1448 48.2597 28.0179 53.1507 27.9029 28.6686 30.0666 10.198 42.8019 72.927 59.2266 48.2319 70.3949 31.4006 60.0167 75.8477 66.464 56.5405 72.927 29.3172 66.4197 43.0 28.5298 39.5411 36.8662 39.1246 36.4005 82.3779 43.6792 32.375 34.1321 35.2278 64.0856 16.2788 38.6005 49.3394 36.4863 33.8378 30.8058 65.7343 52.5008 65.8832 7.2111 68.1991 73.9258 
61.4003 88.6002 12.1655 91.0824 22.1359 65.6201 29.0689 12.53 93.1719 83.3591 34.2345 87.6641 25.2982 35.1141 47.8539 38.6264 0.0 18.7883 29.0689 12.1655 39.2938 106.258 63.3398 44.1814 72.3671 57.7231 68.1542 17.0 75.6108 24.3516 37.6563 17.088 38.2099 12.1655 94.6823 87.8555 65.192 99.0238 19.6469 78.8923 105.132 86.8744 65.5134 96.2184 45.4863 102.075 80.3192 21.9317 39.4462 68.0661 50.5371 74.9466 111.229 26.9258 20.8087 8.06226 71.7008 92.8446 33.0606 3.16228 62.0322 69.0072 25.318 55.109 103.86 85.0059 83.7257 37.7359 90.0098 102.555 
65.2801 88.6398 7.81025 91.9733 16.4012 82.0061 38.6264 6.32456 83.0542 86.8017 51.1566 88.8196 29.6816 38.2884 39.8121 41.7732 18.7883 0.0 26.631 7.81025 40.4075 109.701 67.1789 61.131 88.2043 49.6488 55.7315 32.0 63.6396 17.4929 30.6757 33.0606 37.1731 7.81025 105.441 98.1444 76.896 109.313 36.1248 90.824 115.421 97.6326 81.2219 111.845 57.5674 107.836 77.6881 14.4222 26.1725 61.6117 37.4833 75.8449 121.296 8.48528 10.2956 13.0384 68.747 103.003 30.5503 21.9317 76.2955 63.6003 42.19 46.3897 106.843 78.6448 95.8593 44.1022 100.768 112.844 
40.2953 63.3162 28.8617 66.1231 11.2462 69.9214 22.1359 24.7992 64.8277 61.2511 43.8292 62.9694 11.1803 14.5602 21.5097 17.4642 29.0689 26.631 0.0 28.8617 15.0 84.1487 42.0119 52.3546 74.5252 29.1245 55.6593 27.0185 62.8722 12.7183 24.525 29.2062 10.8167 28.8617 89.6633 75.9629 59.4122 86.2146 31.8904 73.3393 92.584 80.1473 67.6831 89.6633 40.4975 82.2856 52.4976 13.3452 28.8617 39.0128 38.8567 49.9947 93.4425 28.4947 17.1905 22.0907 43.6807 77.0791 4.0 30.4138 60.5196 40.1123 36.7967 27.5263 80.9933 56.0089 78.3806 22.2036 84.9354 90.6621 
66.314 91.1764 0.0 93.9834 19.6469 77.3175 36.8917 4.12311 89.3588 88.1861 46.0435 90.8297 29.7321 39.2046 45.0999 42.8019 12.1655 7.81025 28.8617 0.0 42.19 111.085 68.2495 56.0357 83.863 55.0818 62.5859 27.6586 70.406 21.3776 35.3553 28.2843 39.3954 0.0 103.541 96.2465 74.686 107.415 31.1448 88.5664 113.523 95.7332 76.9415 105.077 55.0364 109.221 81.3444 18.2483 32.9848 66.6108 44.3847 77.8549 119.398 16.2788 15.0 9.43398 72.5385 101.105 32.7811 15.2971 72.8011 68.2532 37.054 52.0096 108.467 83.7257 93.5201 43.8634 98.8686 110.946 
25.3079 49.3356 42.19 52.0 25.0227 63.2383 18.3576 38.2753 60.9016 46.4217 41.6173 48.7545 14.1421 5.38516 21.0376 4.47214 39.2938 40.4075 15.0 42.19 0.0 69.3109 27.0185 48.0833 67.5927 26.8701 43.8292 30.4138 48.8365 26.4949 24.1965 32.5576 6.0 42.19 74.6759 60.9755 50.7233 71.2272 34.2053 62.5708 74.2781 68.213 60.7799 74.6759 33.5567 67.4563 41.1947 27.1217 35.069 32.6956 34.6525 35.8469 78.6132 42.2712 30.967 34.0147 33.0 62.2498 13.0 39.6232 53.5788 32.3193 37.1618 26.4008 66.4003 48.3338 67.6321 11.6619 69.948 75.6748 
47.2579 33.1361 111.085 28.0713 94.2853 79.3095 78.5105 107.31 78.0577 26.6271 87.3613 27.6586 81.5384 71.8847 79.3207 68.2843 106.258 109.701 84.1487 111.085 69.3109 0.0 43.0491 85.1906 75.1332 73.8241 87.6413 91.0522 85.703 95.7574 91.0654 92.2412 73.9782 111.085 29.0689 23.0217 53.0848 17.8885 91.7142 49.0306 16.2788 35.4401 74.2428 27.2947 66.0984 7.61577 44.911 96.3843 96.2872 64.195 91.7775 38.0132 14.5602 111.863 100.23 102.345 50.9215 17.0294 81.6314 105.488 66.0 60.0833 90.2497 76.922 8.544 59.0762 49.3356 68.901 29.1204 20.0 
5.09902 30.5941 68.2495 31.0161 51.7955 57.2425 35.9029 64.5368 62.426 20.15 51.0882 27.0 38.6304 29.0689 45.9403 25.4951 63.3398 67.1789 42.0119 68.2495 27.0185 43.0491 0.0 52.6308 57.6366 43.0829 58.784 50.4506 59.4629 53.2676 49.0994 51.6999 32.0122 68.2495 48.7182 34.0002 32.2738 43.0491 51.5002 43.9962 48.0064 47.9286 52.7373 48.7182 30.8058 41.1845 29.4109 53.8945 59.9719 36.4188 59.5554 17.4642 52.3414 69.0439 57.7398 59.4391 26.4008 35.978 39.6655 62.9317 42.7705 33.1059 51.3517 46.1304 40.7063 43.8634 49.0575 25.9826 43.9903 47.0139 
47.5395 83.1986 56.0357 83.1865 53.7587 21.587 30.8058 55.0364 108.882 62.0081 10.0 79.0759 41.1825 43.1856 68.512 43.8634 44.1814 61.131 52.3546 56.0357 48.0833 85.1906 52.6308 0.0 28.7924 74.9533 91.5522 29.2746 96.8969 55.3624 71.6709 28.0713 52.4976 56.0357 63.9766 62.3699 32.8938 71.4703 25.02 43.2666 77.4919 55.4617 22.3607 65.7951 21.8403 78.8543 80.7775 55.3624 71.537 80.6767 81.532 69.9214 84.7585 67.7422 57.4891 48.0937 75.3861 68.6586 54.3783 41.3038 22.8035 80.1015 19.0 74.3303 87.2067 93.1487 47.0106 37.0202 60.1664 72.8011 
53.0754 85.1971 83.863 83.4938 78.3135 7.81025 52.6118 82.3893 119.206 60.1759 38.3275 79.4486 63.7887 62.8858 88.2646 63.3532 72.3671 88.2043 74.5252 83.863 67.5927 75.1332 57.6366 28.7924 0.0 99.8488 116.971 56.3205 115.522 79.7981 91.4234 55.5788 72.3133 83.863 48.0 52.8867 26.4008 58.2151 52.7731 26.1725 63.0079 40.1123 7.0 50.0 34.7851 67.7422 87.0364 80.2247 95.9415 92.4779 101.879 75.012 70.0071 94.0 83.0542 75.326 83.4865 58.2495 75.5349 69.6348 15.2643 89.0832 47.0744 93.9359 79.8123 101.184 27.074 56.5084 46.2709 58.0086 
46.239 44.0454 55.0818 48.6004 36.0555 90.1014 44.8219 51.0392 35.7351 53.9729 68.2495 47.1699 37.1214 31.8904 10.0 31.1448 57.7231 49.6488 29.1245 55.0818 26.8701 73.8241 43.0829 74.9533 99.8488 0.0 18.0278 54.5619 22.0227 34.0147 20.0998 56.7979 23.0217 55.0818 82.5411 67.8232 75.3429 76.872 59.0593 87.1904 81.6831 81.7515 87.6431 81.8293 60.4198 74.0 31.8277 37.0 25.4951 12.53 18.4391 35.8469 85.4116 45.2217 40.1123 50.2494 23.6008 69.801 25.1655 59.4324 84.6593 15.6205 62.9682 3.60555 68.0955 29.1204 92.2517 38.3603 77.8132 80.8368 
61.9401 55.5428 62.5859 60.5392 46.0977 106.923 60.9523 58.9406 28.6356 69.5802 84.327 60.0833 52.6121 48.4149 23.3452 48.2597 68.1542 55.7315 55.6593 62.5859 43.8292 87.6413 58.784 91.5522 116.971 18.0278 0.0 70.4348 8.0 43.8634 32.2025 72.4131 39.0555 62.5859 98.1484 83.4304 92.4649 92.4392 74.5664 104.312 97.0155 97.3588 104.464 97.4366 77.2412 88.8426 43.0813 46.2385 29.6142 23.5372 18.2483 50.636 100.225 49.0918 48.0833 60.1664 36.8782 85.3756 40.5909 70.2638 101.781 27.6586 78.6449 17.4929 80.9938 33.3017 109.374 55.4707 93.4205 96.421 
45.7938 77.6466 27.6586 79.4292 25.5539 50.01 14.5602 26.0768 90.0777 65.281 19.4165 75.71 17.4642 25.1794 46.9784 28.0179 17.0 32.0 27.0185 27.6586 30.4138 91.0522 50.4506 29.2746 56.3205 54.5619 70.4348 0.0 75.652 27.4591 39.3005 2.23607 31.9531 27.6586 77.9874 72.0589 48.2597 83.2272 5.0 61.9112 89.3352 70.1795 49.366 79.5235 28.6007 86.2861 71.007 26.8328 43.6373 62.6418 53.6322 63.6396 95.4328 38.4708 28.4605 19.0263 63.1981 77.048 30.2324 15.0 45.2217 62.5859 10.7703 52.995 90.6905 78.6448 66.7308 24.5153 73.3149 85.5868 
62.619 52.8867 70.406 57.9741 53.4883 112.074 66.5282 66.7083 20.8806 69.4554 89.9389 58.0517 58.2455 53.7401 29.4109 53.1507 75.6108 63.6396 62.8722 70.406 48.8365 85.703 59.4629 96.8969 115.522 22.0227 8.0 75.652 0.0 51.264 38.9487 77.888 44.5982 70.406 97.6113 83.3057 90.0714 92.0054 80.1999 101.6 96.1873 97.234 110.06 97.3118 82.3926 87.5728 40.7922 53.7587 37.4833 23.1948 26.1725 50.0 98.8585 57.0789 55.7853 67.6757 36.0 85.0 46.2243 77.6209 100.332 27.074 84.2783 22.6716 78.5875 28.6531 106.661 60.3561 93.2957 96.0052 
51.3755 75.795 21.3776 78.0607 2.23607 74.5078 27.4939 17.2627 69.0507 72.889 46.0977 74.9069 16.8415 24.4721 24.0208 27.9029 24.3516 17.4929 12.7183 21.3776 26.4949 95.7574 53.2676 55.3624 79.7981 34.0147 43.8634 27.4591 51.264 0.0 14.0357 29.4109 23.2604 21.3776 100.744 87.0431 65.58 97.2948 32.45 79.5072 103.664 86.3151 72.8315 100.744 46.6653 93.9236 60.8314 3.16228 16.2788 45.2769 26.6271 61.9322 105.08 17.4929 7.2111 16.4924 51.8903 91.9021 16.6377 26.4008 66.4802 46.876 38.0789 31.1448 92.9309 62.3939 84.5484 30.8729 96.0156 101.742 
47.5523 57.9665 35.3553 61.9795 16.0 86.3707 41.0709 31.257 55.5428 68.1688 64.4457 59.9911 32.7308 28.544 10.198 28.6686 37.6563 30.6757 24.525 35.3553 24.1965 91.0654 49.0994 71.6709 91.4234 20.0998 32.2025 39.3005 38.9487 14.0357 0.0 41.2788 19.1741 35.3553 96.7371 82.0191 76.3021 91.068 44.2967 84.904 96.0252 90.5461 84.6107 96.7371 57.3874 89.2034 47.0148 17.1172 13.3417 31.257 17.8885 48.1187 100.36 28.0179 20.6155 30.1496 38.0736 83.9969 20.7095 39.3656 77.4096 32.9848 49.8943 17.4642 80.6575 48.3735 89.9653 35.8387 92.0091 95.0327 
47.0504 79.511 28.2843 81.2158 27.4591 49.0918 16.2788 27.0 92.3093 66.47 18.1108 77.4661 19.6977 27.2947 49.2144 30.0666 17.088 33.0606 29.2062 28.2843 32.5576 92.2412 51.6999 28.0713 55.5788 56.7979 72.4131 2.23607 77.888 29.4109 41.2788 0.0 34.176 28.2843 78.5836 73.2125 48.6004 84.3808 3.16228 62.1289 90.4888 70.7672 48.6621 80.1197 29.0689 87.4643 73.0274 28.6531 45.607 64.846 55.6105 65.4905 96.5865 39.8121 30.0832 20.025 65.2763 78.2017 32.45 14.7648 44.9444 64.7611 9.21954 55.231 91.9471 80.8084 66.888 26.3059 73.911 86.1829 
30.5538 53.145 39.3954 55.952 21.7883 67.9589 21.9317 35.3412 58.1808 51.0816 45.3431 52.7982 14.5602 9.43398 16.0153 10.198 38.2099 37.1731 10.8167 39.3954 6.0 73.9782 32.0122 52.4976 72.3133 23.0217 39.0555 31.9531 44.5982 23.2604 19.1741 34.176 0.0 39.3954 79.6498 65.9494 57.1919 73.9807 36.2491 67.8167 78.938 73.4589 65.5005 79.6498 38.2773 72.1161 42.2878 23.8873 30.0466 30.8058 29.6301 39.8235 83.273 39.0368 27.7326 32.0156 33.541 66.9097 7.81025 39.0128 58.2994 31.1448 39.9625 21.9317 70.8222 47.2652 72.8781 17.088 74.9219 79.3958 
66.314 91.1764 0.0 93.9834 19.6469 77.3175 36.8917 4.12311 89.3588 88.1861 46.0435 90.8297 29.7321 39.2046 45.0999 42.8019 12.1655 7.81025 28.8617 0.0 42.19 111.085 68.2495 56.0357 83.863 55.0818 62.5859 27.6586 70.406 21.3776 35.3553 28.2843 39.3954 0.0 103.541 96.2465 74.686 107.415 31.1448 88.5664 113.523 95.7332 76.9415 105.077 55.0364 109.221 81.3444 18.2483 32.9848 66.6108 44.3847 77.8549 119.398 16.2788 15.0 9.43398 72.5385 101.105 32.7811 15.2971 72.8011 68.2532 37.054 52.0096 108.467 83.7257 93.5201 43.8634 98.8686 110.946 
51.532 51.4296 103.541 47.5079 99.2714 53.3385 66.8207 100.745 95.5092 28.2843 68.7968 44.7214 77.4962 76.4976 87.9868 72.927 94.6823 105.441 89.6633 103.541 74.6759 29.0689 48.7182 63.9766 48.0 82.5411 98.1484 77.9874 97.6113 100.744 96.7371 78.5836 79.6498 103.541 0.0 14.3178 31.3847 11.1803 77.17 22.2036 15.0333 8.544 48.5077 2.0 49.5845 21.4709 59.4811 101.37 107.61 74.541 100.444 47.8539 22.0227 116.52 105.216 94.1113 61.7013 15.0 87.5351 92.9615 42.0595 70.5545 74.027 85.5886 35.805 75.5844 21.095 69.9301 5.38516 10.0499 
37.8316 37.7359 96.2465 34.2053 85.571 56.5685 59.5246 93.4492 81.2712 14.0357 65.5935 31.0644 70.2 62.7972 73.2688 59.2266 87.8555 98.1444 75.9629 96.2465 60.9755 23.0217 34.0002 62.3699 52.8867 67.8232 83.4304 72.0589 83.3057 87.0431 82.0191 73.2125 65.9494 96.2465 14.3178 0.0 30.0666 11.4018 72.5665 27.313 17.6918 15.5563 51.4782 14.0357 46.4867 16.4924 45.2217 87.67 92.8915 60.2354 85.7255 33.541 24.2074 102.819 91.5153 86.8155 47.3956 6.32456 73.8346 86.5017 43.0116 56.2489 70.7994 70.8706 26.9258 61.3514 28.8444 62.634 10.2956 14.7648 
27.7207 58.8383 74.686 57.135 64.1079 27.8568 38.2776 72.0902 93.8879 33.8171 37.4433 53.0898 48.9531 47.7645 69.8973 48.2319 65.192 76.896 59.4122 74.686 50.7233 53.0848 32.2738 32.8938 26.4008 75.3429 92.4649 48.2597 90.0714 65.58 76.3021 48.6004 57.1919 74.686 31.3847 30.0666 0.0 38.6005 46.8615 13.9284 44.5982 23.0217 22.8473 33.121 19.7231 46.3897 61.6736 66.1876 81.7234 67.0274 83.5125 49.6492 51.8652 80.9837 69.6094 65.307 58.1327 36.2215 60.4136 63.2456 13.3417 63.8972 43.1393 74.9972 56.2228 75.8216 18.9737 41.3871 27.313 39.9249 
48.0833 43.0116 107.415 38.6264 96.7393 63.0079 70.6929 104.618 88.0738 23.7697 75.1593 36.4005 81.3683 73.9655 82.3177 70.3949 99.0238 109.313 86.2146 107.415 71.2272 17.8885 43.0491 71.4703 58.2151 76.872 92.4392 83.2272 92.0054 97.2948 91.068 84.3808 73.9807 107.415 11.1803 11.4018 38.6005 0.0 82.9396 32.0624 6.40312 18.1108 58.0345 9.43398 55.3541 10.2956 52.469 98.8383 101.94 69.1158 94.7744 42.0119 13.4164 113.071 102.684 97.9838 56.0089 7.07107 84.0863 97.67 50.636 65.0692 79.8496 79.9195 24.8395 68.2495 31.7805 73.8023 12.0 4.0 
46.8507 80.2247 31.1448 81.7435 30.5287 46.1736 17.0 30.0167 94.4299 65.9431 15.0333 77.9419 21.9545 28.8617 51.5263 31.4006 19.6469 36.1248 31.8904 31.1448 34.2053 91.7142 51.5002 25.02 52.7731 59.0593 74.5664 5.0 80.1999 32.45 44.2967 3.16228 36.2491 31.1448 77.17 72.5665 46.8615 82.9396 0.0 60.2163 89.1758 69.2965 45.8912 78.7061 27.5862 86.8332 74.1687 31.7648 48.6334 66.7308 58.6283 66.1891 95.9405 42.9535 33.2415 23.0868 66.6108 77.5557 35.0 17.088 42.5441 66.4831 6.08276 57.5428 91.7474 82.4983 64.8999 27.0185 72.4974 84.7693 
39.4431 62.6595 88.5664 59.7455 78.035 31.1448 52.2048 86.0058 105.61 37.1447 49.5177 56.1869 62.8803 61.6917 81.7448 60.0167 78.8923 90.824 73.3393 88.5664 62.5708 49.0306 43.9962 43.2666 26.1725 87.1904 104.312 61.9112 101.6 79.5072 84.904 62.1289 67.8167 88.5664 22.2036 27.313 13.9284 32.0624 60.2163 0.0 37.054 14.0 26.3059 24.1868 33.541 41.5933 68.912 80.1148 94.9713 78.8347 95.36 61.3716 44.1814 94.9109 83.5366 79.2023 69.8551 32.28 74.3408 76.8505 20.5913 75.6196 56.0803 86.8447 54.0833 87.544 5.09902 55.3143 20.0998 32.0624 
54.4527 45.7056 113.523 41.0 102.192 68.1836 76.8009 110.726 91.0824 29.1548 81.3941 39.3192 87.4763 79.4183 87.2749 75.8477 105.132 115.421 92.584 113.523 74.2781 16.2788 48.0064 77.4919 63.0079 81.6831 97.0155 89.3352 96.1873 103.664 96.0252 90.4888 78.938 113.523 15.0333 17.6918 44.5982 6.40312 89.1758 37.054 0.0 23.0868 63.2851 13.0384 61.5903 9.84886 56.0357 104.291 106.898 73.5527 99.7317 46.3897 7.28011 119.441 108.136 104.092 60.2993 12.53 86.5912 103.778 56.2939 69.4622 86.0858 84.7305 24.4131 71.4493 36.1248 79.9103 17.4642 5.0 
50.7424 53.0094 95.7332 49.679 84.843 45.0999 59.0128 92.9375 95.5571 27.7794 60.4649 46.4004 69.6882 68.4996 87.1972 66.464 86.8744 97.6326 80.1473 95.7332 68.213 35.4401 47.9286 55.4617 40.1123 81.7515 97.3588 70.1795 97.234 86.3151 90.5461 70.7672 73.4589 95.7332 8.544 15.5563 23.0217 18.1108 69.2965 14.0 23.0868 0.0 40.1995 10.4403 41.7253 27.8927 59.5467 86.9227 101.419 74.1638 99.6539 47.4816 30.2655 101.719 90.3446 86.3033 61.324 19.2354 81.0721 85.1536 33.5261 70.1773 65.9469 84.799 41.1461 75.6978 13.9284 62.1222 6.32456 18.1108 
48.1664 81.3342 76.9415 79.6562 71.3442 5.09902 45.7056 75.4255 113.952 56.3383 31.6228 75.611 56.8859 56.073 81.4518 56.5405 65.5134 81.2219 67.6831 76.9415 60.7799 74.2428 52.7373 22.3607 7.0 87.6431 104.464 49.366 110.06 72.8315 84.6107 48.6621 65.5005 76.9415 48.5077 51.4782 22.8473 58.0345 45.8912 26.3059 63.2851 40.1995 0.0 50.4876 28.2312 67.0671 82.1371 73.2462 88.9749 87.0163 95.0667 70.1127 70.4557 87.0 76.0592 68.3593 78.5175 57.2189 68.7221 62.8172 10.0 83.7643 40.2616 87.1231 78.2624 96.2601 28.4605 49.6956 46.0435 58.3095 
51.532 50.5668 105.077 46.5296 99.2714 55.3263 68.3568 102.282 94.921 28.0713 70.4911 43.8634 83.9004 76.4976 87.9868 72.927 96.2184 111.845 89.6633 105.077 74.6759 27.2947 48.7182 65.7951 50.0 81.8293 97.4366 79.5235 97.3118 100.744 96.7371 80.1197 79.6498 105.077 2.0 14.0357 33.121 9.43398 78.7061 24.1868 13.0384 10.4403 50.4876 0.0 51.1206 19.7231 58.9406 101.37 107.61 74.2415 100.444 47.5184 20.025 116.52 105.216 95.6474 61.4018 13.8924 87.5351 94.4976 43.9659 70.2551 75.6042 85.5886 34.2053 75.0 23.0868 76.3344 6.40312 8.06226 
25.7099 61.3922 55.0364 61.5224 45.19 31.3847 19.2354 52.5547 88.6703 41.3038 21.3776 57.4282 30.0384 28.8498 54.2286 29.3172 45.4863 57.5674 40.4975 55.0364 33.5567 66.0984 30.8058 21.8403 34.7851 60.4198 77.2412 28.6007 82.3926 46.6653 57.3874 29.0689 38.2773 55.0364 49.5845 46.4867 19.7231 55.3541 27.5862 33.541 61.5903 41.7253 28.2312 51.1206 0.0 60.7534 59.0931 47.2652 62.8087 61.6962 67.8434 48.0833 68.7638 61.9839 50.636 45.6946 53.8788 51.4759 41.4989 43.6005 20.2237 58.4811 24.6982 59.8999 67.082 71.6414 38.4838 22.4724 44.9119 57.1838 
45.3934 36.2215 109.221 31.4006 92.4514 72.111 73.7443 105.445 81.6149 23.4307 81.9916 30.0167 79.6738 70.0201 79.4672 66.4197 102.075 107.836 82.2856 109.221 67.4563 7.61577 41.1845 78.8543 67.7422 74.0 88.8426 86.2861 87.5728 93.9236 89.2034 87.4643 72.1161 109.221 21.4709 16.4924 46.3897 10.2956 86.8332 41.5933 9.84886 27.8927 67.0671 19.7231 60.7534 0.0 47.0425 94.5504 99.5642 65.307 91.9239 38.3275 11.4018 110.001 98.3957 101.035 51.9711 10.198 79.7694 100.721 59.0762 61.1882 85.0661 77.069 14.8661 62.1289 41.7612 76.8537 21.587 12.7279 
34.1321 12.53 81.3444 17.4642 63.7289 86.6423 57.2189 77.2819 36.0555 31.7805 77.8048 17.2627 55.3263 46.0435 39.4081 43.0 80.3192 77.6881 52.4976 81.3444 41.1947 44.911 29.4109 80.7775 87.0364 31.8277 43.0813 71.007 40.7922 60.8314 47.0148 73.0274 42.2878 81.3444 59.4811 45.2217 61.6736 52.469 74.1687 68.912 56.0357 59.5467 82.1371 58.9406 59.0931 47.0425 0.0 65.8279 56.4004 20.2485 50.2494 12.8062 58.2151 74.793 67.5912 74.2751 8.94427 45.7056 48.7032 80.7559 72.1703 16.4012 75.8024 35.3553 37.9473 16.1555 71.424 47.3814 55.3624 56.4358 
52.0024 76.4219 18.2483 78.6875 2.23607 74.8131 28.0713 14.1421 71.8471 73.5159 45.8803 75.5338 17.4683 25.099 27.0 28.5298 21.9317 14.4222 13.3452 18.2483 27.1217 96.3843 53.8945 55.3624 80.2247 37.0 46.2385 26.8328 53.7587 3.16228 17.1172 28.6531 23.8873 18.2483 101.37 87.67 66.1876 98.8383 31.7648 80.1148 104.291 86.9227 73.2462 101.37 47.2652 94.5504 65.8279 0.0 17.8045 48.3735 28.6531 62.5591 105.707 15.2315 4.24264 13.9284 55.0247 92.529 17.2645 24.1868 67.0298 50.01 37.5766 34.0588 93.5577 65.4905 85.156 31.4998 96.6425 102.369 
58.4247 68.0147 32.9848 72.1388 18.3848 90.6512 43.6373 29.4109 57.0 79.0413 62.2448 70.1506 32.9848 40.6155 17.0294 39.5411 39.4462 26.1725 28.8617 32.9848 35.069 96.2872 59.9719 71.537 95.9415 25.4951 29.6142 43.6373 37.4833 16.2788 13.3417 45.607 30.0466 32.9848 107.61 92.8915 81.7234 101.94 48.6334 94.9713 106.898 101.419 88.9749 107.61 62.8087 99.5642 56.4004 17.8045 0.0 38.0132 11.4018 58.2782 111.233 20.2237 18.7883 31.3847 47.634 94.8694 32.7811 41.8808 82.8308 40.8167 54.231 21.9317 90.817 54.4243 100.838 47.0163 102.882 105.905 
39.5749 32.7567 66.6108 37.5899 47.1699 91.1424 51.0544 62.514 28.6007 46.3852 74.2923 36.7696 45.3542 38.0789 21.8403 36.8662 68.0661 61.6117 39.0128 66.6108 32.6956 64.195 36.4188 80.6767 92.4779 12.53 23.5372 62.6418 23.1948 45.2769 31.257 64.846 30.8058 66.6108 74.541 60.2354 67.0274 69.1158 66.7308 78.8347 73.5527 74.1638 87.0163 74.2415 61.6962 65.307 20.2485 48.3735 38.0132 0.0 30.4795 27.1662 76.6877 57.5847 51.788 61.0082 13.3417 62.0725 35.0143 69.2604 77.2884 4.12311 69.857 16.1245 57.7754 17.1172 83.8961 44.0646 70.2254 73.1095 
58.0083 62.482 44.3847 67.0075 28.8444 97.525 51.5269 40.8044 46.0977 71.8753 72.2398 65.4599 42.9798 39.0 14.1421 39.1246 50.5371 37.4833 38.8567 44.3847 34.6525 91.7775 59.5554 81.532 101.879 18.4391 18.2483 53.6322 26.1725 26.6271 17.8885 55.6105 29.6301 44.3847 100.444 85.7255 83.5125 94.7744 58.6283 95.36 99.7317 99.6539 95.0667 100.444 67.8434 91.9239 50.2494 28.6531 11.4018 30.4795 0.0 53.7685 103.314 31.0 30.0832 42.4853 42.0119 87.7034 31.1655 52.8394 87.8656 33.9411 64.2259 15.0 86.2844 45.6508 100.421 46.2947 95.7156 98.7392 
22.4722 14.0357 77.8549 16.1555 60.4601 74.6179 49.2544 73.8845 48.3322 19.703 67.7422 13.0384 49.6488 39.8497 41.3118 36.4005 74.9466 75.8449 49.9947 77.8549 35.8469 38.0132 17.4642 69.9214 75.012 35.8469 50.636 63.6396 50.0 61.9322 48.1187 65.4905 39.8235 77.8549 47.8539 33.541 49.6492 42.0119 66.1891 61.3716 46.3897 47.4816 70.1127 47.5184 48.0833 38.3275 12.8062 62.5591 58.2782 27.1662 53.7685 0.0 49.7293 75.934 66.4044 69.857 14.0 35.0 47.4768 75.0 60.146 23.0868 67.0075 38.9102 32.8024 28.6531 59.3589 39.2046 43.4383 46.0109 
60.9829 47.0106 119.398 42.0476 103.608 75.326 82.8985 116.601 92.2659 34.1321 88.569 41.0488 93.3513 85.9485 90.8572 82.3779 111.229 121.296 93.4425 119.398 78.6132 14.5602 52.3414 84.7585 70.0071 85.4116 100.225 95.4328 98.8585 105.08 100.36 96.5865 83.273 119.398 22.0227 24.2074 51.8652 13.4164 95.9405 44.1814 7.28011 30.2655 70.4557 20.025 68.7638 11.4018 58.2151 105.707 111.233 76.6877 103.314 49.7293 0.0 121.158 109.553 109.967 63.3482 18.3848 90.9263 109.876 63.561 72.5672 93.2593 88.4591 23.0868 73.0068 43.0116 85.7853 24.7386 12.1655 
67.1518 85.7818 16.2788 89.7949 17.4642 88.1419 42.7551 14.4222 77.0584 88.9666 57.8705 87.8064 32.573 40.2485 35.8469 43.6792 26.9258 8.48528 28.4947 16.2788 42.2712 111.863 69.0439 67.7422 94.0 45.2217 49.0918 38.4708 57.0789 17.4929 28.0179 39.8121 39.0368 16.2788 116.52 102.819 80.9837 113.071 42.9535 94.9109 119.441 101.719 87.0 116.52 61.9839 110.001 74.793 15.2315 20.2237 57.5847 31.0 75.934 121.158 0.0 11.4018 20.2485 65.8635 104.795 32.414 30.0167 81.3941 60.0083 49.0306 41.7612 108.707 74.3303 99.9521 46.6492 111.792 117.519 
55.8476 78.5429 15.0 82.5328 6.40312 77.4145 31.4006 11.0454 74.4312 77.3612 47.8017 79.3791 21.1896 28.9443 30.1496 32.375 20.8087 10.2956 17.1905 15.0 30.967 100.23 57.7398 57.4891 83.0542 40.1123 48.0833 28.4605 55.7853 7.2111 20.6155 30.0832 27.7326 15.0 105.216 91.5153 69.6094 102.684 33.2415 83.5366 108.136 90.3446 76.0592 105.216 50.636 98.3957 67.5912 4.24264 18.7883 51.788 30.0832 66.4044 109.553 11.4018 0.0 12.8062 58.6501 96.3742 21.1098 23.4307 70.1783 53.6004 39.2173 37.0135 97.403 68.884 88.5778 35.3412 100.488 106.214 
57.4996 83.2281 9.43398 86.0058 14.3178 69.029 27.4591 7.07107 85.5102 79.446 38.1182 82.7647 20.8087 30.5287 40.3113 34.1321 8.06226 13.0384 22.0907 9.43398 34.0147 102.345 59.4391 48.0937 75.326 50.2494 60.1664 19.0263 67.6757 16.4924 30.1496 20.025 32.0156 9.43398 94.1113 86.8155 65.307 97.9838 23.0868 79.2023 104.092 86.3033 68.3593 95.6474 45.6946 101.035 74.2751 13.9284 31.3847 61.0082 42.4853 69.857 109.967 20.2485 12.8062 0.0 65.5134 91.6745 26.0768 10.6301 63.7887 62.2013 29.1548 47.5184 99.8599 78.0577 84.1724 34.6554 89.4387 101.515 
30.4138 20.5183 72.5385 25.0 54.923 82.8794 49.8197 68.476 36.0555 33.5454 71.2673 23.7065 47.0473 38.0526 30.6105 35.2278 71.7008 68.747 43.6807 72.5385 33.0 50.9215 26.4008 75.3861 83.4865 23.6008 36.8782 63.1981 36.0 51.8903 38.0736 65.2763 33.541 72.5385 61.7013 47.3956 58.1327 56.0089 66.6108 69.8551 60.2993 61.324 78.5175 61.4018 53.8788 51.9711 8.94427 55.0247 47.634 13.3417 42.0119 14.0 63.3482 65.8635 58.6501 65.5134 0.0 49.0 39.8497 72.3474 68.593 9.21954 68.6586 27.0185 44.7214 17.8045 74.9164 40.2616 57.3857 60.0083 
42.6905 36.7696 101.105 32.6497 90.43 62.2896 64.5137 98.3082 81.4923 16.7631 71.895 30.0832 75.059 67.6562 75.2466 64.0856 92.8446 103.003 77.0791 101.105 62.2498 17.0294 35.978 68.6586 58.2495 69.801 85.3756 77.048 85.0 91.9021 83.9969 78.2017 66.9097 101.105 15.0 6.32456 36.2215 7.07107 77.5557 32.28 12.53 19.2354 57.2189 13.8924 51.4759 10.198 45.7056 92.529 94.8694 62.0725 87.7034 35.0 18.3848 104.795 96.3742 91.6745 49.0 0.0 74.5629 91.4908 49.0102 58.0345 75.7885 72.8484 21.9317 61.6117 33.1059 67.493 13.0384 11.0454 
38.167 59.2945 32.7811 63.6052 15.1655 71.1688 23.7065 28.7185 60.8687 58.7349 46.2277 60.4515 13.4536 14.0 17.5507 16.2788 33.0606 30.5503 4.0 32.7811 13.0 81.6314 39.6655 54.3783 75.5349 25.1655 40.5909 30.2324 46.2243 16.6377 20.7095 32.45 7.81025 32.7811 87.5351 73.8346 60.4136 84.0863 35.0 74.3408 86.5912 81.0721 68.7221 87.5351 41.4989 79.7694 48.7032 17.2645 32.7811 35.0143 31.1655 47.4768 90.9263 32.414 21.1098 26.0768 39.8497 74.5629 0.0 34.3657 61.521 36.1248 39.6232 23.5673 78.4754 52.0096 79.382 22.0227 82.8071 88.5339 
60.9923 88.7694 15.2971 91.0934 24.1661 62.8013 28.0179 15.6525 94.8921 82.9511 31.4006 87.5957 25.4951 35.171 49.5632 38.6005 3.16228 21.9317 30.4138 15.2971 39.6232 105.488 62.9317 41.3038 69.6348 59.4324 70.2638 15.0 77.6209 26.4008 39.3656 14.7648 39.0128 15.2971 92.9615 86.5017 63.2456 97.67 17.088 76.8505 103.778 85.1536 62.8172 94.4976 43.6005 100.721 80.7559 24.1868 41.8808 69.2604 52.8394 75.0 109.876 30.0167 23.4307 10.6301 72.3474 91.4908 34.3657 0.0 59.6154 70.0286 22.561 56.821 103.452 86.093 81.6333 37.1214 88.289 101.201 
38.2099 71.5607 72.8011 69.8575 65.0081 14.7648 39.0 70.8308 104.139 46.545 30.0 65.8122 50.04 48.8719 74.2507 49.3394 62.0322 76.2955 60.5196 72.8011 53.5788 66.0 42.7705 22.8035 15.2643 84.6593 101.781 45.2217 100.332 66.4802 77.4096 44.9444 58.2994 72.8011 42.0595 43.0116 13.3417 50.636 42.5441 20.5913 56.2939 33.5261 10.0 43.9659 20.2237 59.0762 72.1703 67.0298 82.8308 77.2884 87.8656 60.146 63.561 81.3941 70.1783 63.7887 68.593 49.0102 61.521 59.6154 0.0 73.9708 37.5899 84.3136 69.4622 86.3134 24.2074 42.4945 38.833 51.4198 
36.3593 28.8444 68.2532 33.6155 48.7021 87.9273 50.6745 64.1385 30.4138 42.3987 74.434 32.6956 45.5412 37.699 24.1661 36.4863 69.0072 63.6003 40.1123 68.2532 32.3193 60.0833 33.1059 80.1015 89.0832 15.6205 27.6586 62.5859 27.074 46.876 32.9848 64.7611 31.1448 68.2532 70.5545 56.2489 63.8972 65.0692 66.4831 75.6196 69.4622 70.1773 83.7643 70.2551 58.4811 61.1882 16.4012 50.01 40.8167 4.12311 33.9411 23.0868 72.5672 60.0083 53.6004 62.2013 9.21954 58.0345 36.1248 70.0286 73.9708 0.0 69.4786 19.2094 53.7122 16.1245 80.6809 43.2718 66.239 69.0652 
46.5296 81.0 37.054 82.1523 36.2353 40.3113 18.9737 36.0555 97.949 64.6205 9.0 78.2304 26.2488 31.7805 55.6047 33.8378 25.318 42.19 36.7967 37.054 37.1618 90.2497 51.3517 19.0 47.0744 62.9682 78.6449 10.7703 84.2783 38.0789 49.8943 9.21954 39.9625 37.054 74.027 70.7994 43.1393 79.8496 6.08276 56.0803 86.0858 65.9469 40.2616 75.6042 24.6982 85.0661 75.8024 37.5766 54.231 69.857 64.2259 67.0075 93.2593 49.0306 39.2173 29.1548 68.6586 75.7885 39.6232 22.561 37.5899 69.4786 0.0 61.6213 90.5672 85.3561 60.6053 28.4429 69.4074 81.6793 
49.493 47.5079 52.0096 52.0096 33.2415 89.5815 43.8634 48.0 38.0789 57.0204 67.2681 50.4777 35.5885 31.1448 7.28011 30.8058 55.109 46.3897 27.5263 52.0096 26.4008 76.922 46.1304 74.3303 93.9359 3.60555 17.4929 52.995 22.6716 31.1448 17.4642 55.231 21.9317 52.0096 85.5886 70.8706 74.9972 79.9195 57.5428 86.8447 84.7305 84.799 87.1231 85.5886 59.8999 77.069 35.3553 34.0588 21.9317 16.1245 15.0 38.9102 88.4591 41.7612 37.0135 47.5184 27.0185 72.8484 23.5673 56.821 84.3136 19.2094 61.6213 0.0 71.3442 32.573 91.906 38.0132 80.8607 83.8843 
44.9159 25.7099 108.467 20.6155 91.4587 83.3607 76.4793 104.623 70.0 25.9615 88.459 21.0238 79.0759 69.3397 73.8506 65.7343 103.86 106.843 80.9933 108.467 66.4003 8.544 40.7063 87.2067 79.8123 68.0955 80.9938 90.6905 78.5875 92.9309 80.6575 91.9471 70.8222 108.467 35.805 26.9258 56.2228 24.8395 91.7474 54.0833 24.4131 41.1461 78.2624 34.2053 67.082 14.8661 37.9473 93.5577 90.817 57.7754 86.2844 32.8024 23.0868 108.707 97.403 99.8599 44.7214 21.9317 78.4754 103.452 69.4622 53.7122 90.5672 71.3442 0.0 51.3517 55.0364 66.5024 34.8855 27.5862 
48.1041 26.0 83.7257 31.0161 64.2806 100.658 66.4335 79.6304 19.9249 47.927 88.2594 32.1403 61.6604 53.7135 38.833 52.5008 85.0059 78.6448 56.0089 83.7257 48.3338 59.0762 43.8634 93.1487 101.184 29.1204 33.3017 78.6448 28.6531 62.3939 48.3735 80.8084 47.2652 83.7257 75.5844 61.3514 75.8216 68.2495 82.4983 87.544 71.4493 75.6978 96.2601 75.0 71.6414 62.1289 16.1555 65.4905 54.4243 17.1172 45.6508 28.6531 73.0068 74.3303 68.884 78.0577 17.8045 61.6117 52.0096 86.093 86.3134 16.1245 85.3561 32.573 51.3517 0.0 87.5751 57.0973 71.5122 72.1803 
44.5044 65.1715 93.5201 62.2415 83.0763 32.9848 57.2461 91.0 107.434 39.6567 53.7587 58.6989 67.9215 66.7329 86.8061 65.8832 83.7257 95.8593 78.3806 93.5201 67.6321 49.3356 49.0575 47.0106 27.074 92.2517 109.374 66.7308 106.661 84.5484 89.9653 66.888 72.8781 93.5201 21.095 28.8444 18.9737 31.7805 64.8999 5.09902 36.1248 13.9284 28.4605 23.0868 38.4838 41.7612 71.424 85.156 100.838 83.8961 100.421 59.3589 43.0116 99.9521 88.5778 84.1724 74.9164 33.1059 79.382 81.6333 24.2074 80.6809 60.6053 91.906 55.0364 87.5751 0.0 60.3555 20.2485 31.1448 
24.0432 53.2353 43.8634 54.9181 29.4008 52.154 10.0499 40.4599 72.27 46.0019 31.305 51.1957 14.4222 8.06226 32.6799 7.2111 37.7359 44.1022 22.2036 43.8634 11.6619 68.901 25.9826 37.0202 56.5084 38.3603 55.4707 24.5153 60.3561 30.8729 35.8387 26.3059 17.088 43.8634 69.9301 62.634 41.3871 73.8023 27.0185 55.3143 79.9103 62.1222 49.6956 76.3344 22.4724 76.8537 47.3814 31.4998 47.0163 44.0646 46.2947 39.2046 85.7853 46.6492 35.3412 34.6554 40.2616 67.493 22.0227 37.1214 42.4945 43.2718 28.4429 38.0132 66.5024 57.0973 60.3555 0.0 65.2576 77.3332 
46.8041 48.0208 98.8686 44.4072 94.5435 51.0098 62.1482 96.0729 91.4166 23.7697 64.4981 41.3401 72.8236 71.7697 83.2588 68.1991 90.0098 100.768 84.9354 98.8686 69.948 29.1204 43.9903 60.1664 46.2709 77.8132 93.4205 73.3149 93.2957 96.0156 92.0091 73.911 74.9219 98.8686 5.38516 10.2956 27.313 12.0 72.4974 20.0998 17.4642 6.32456 46.0435 6.40312 44.9119 21.587 55.3624 96.6425 102.882 70.2254 95.7156 43.4383 24.7386 111.792 100.488 89.4387 57.3857 13.0384 82.8071 88.289 38.833 66.239 69.4074 80.8607 34.8855 71.5122 20.2485 65.2576 0.0 12.6491 
