NAME  : Jabali_70_3_0.85_1_9
TYPE : SVRP
MODEL : FINITE_SUPPORT
NUMBER_OF_SCENARIOS : 200
DIMENSION : 70
EDGE_WEIGHT_TYPE : MATRIX
CAPACITY : 147
N_VEHICLES : 3
NODE_COORD_SECTION
1 3077 4728
2 5281 1978
3 1923 7809
4 1230 7777
5 4482 3022
6 6321 2551
7 6011 3298
8 1867 8809
9 2296 4932
10 1291 7740
11 460 1985
12 75 5546
13 3481 6300
14 4952 1275
15 7240 3927
16 3857 1530
17 1006 1790
18 4619 1630
19 2345 7681
20 815 2326
21 27 5386
22 2323 571
23 3715 5428
24 2669 8791
25 1172 3452
26 2192 5656
27 7523 5196
28 3220 8496
29 2656 826
30 4904 4668
31 2107 4328
32 4452 4295
33 2594 1727
34 4286 4876
35 6724 3318
36 2198 8199
37 3102 5490
38 442 6502
39 3830 8076
40 3890 3857
41 2049 8520
42 1391 5916
43 6989 4906
44 6405 4317
45 2195 7011
46 5202 3978
47 5487 6200
48 355 2885
49 7199 6098
50 4634 3757
51 352 6808
52 108 3694
53 205 3966
54 3613 4257
55 6576 5418
56 4718 2773
57 3320 1391
58 1761 8716
59 4838 3937
60 1644 2187
61 5639 2816
62 6042 5125
63 4149 4885
64 1567 5609
65 1333 7970
66 4716 6675
67 1039 3613
68 3260 5202
69 4022 18
70 6597 6038
DEMAND_SECTION
1 0.0
2 8.0
3 8.0
4 1.0
5 3.0
6 2.0
7 6.0
8 9.0
9 4.0
10 5.0
11 9.0
12 1.0
13 10.0
14 1.0
15 9.0
16 9.0
17 4.0
18 4.0
19 4.0
20 10.0
21 3.0
22 4.0
23 8.0
24 2.0
25 6.0
26 9.0
27 10.0
28 8.0
29 8.0
30 7.0
31 8.0
32 2.0
33 7.0
34 2.0
35 5.0
36 3.0
37 1.0
38 3.0
39 5.0
40 6.0
41 4.0
42 8.0
43 1.0
44 8.0
45 1.0
46 10.0
47 10.0
48 9.0
49 7.0
50 3.0
51 10.0
52 3.0
53 8.0
54 1.0
55 2.0
56 5.0
57 9.0
58 5.0
59 1.0
60 4.0
61 4.0
62 7.0
63 1.0
64 7.0
65 5.0
66 6.0
67 7.0
68 10.0
69 4.0
70 3.0
DEVIATION_SECTION
1 0.0
2 2.66667
3 2.66667
4 0.333333
5 1.0
6 0.666667
7 2.0
8 3.0
9 1.33333
10 1.66667
11 3.0
12 0.333333
13 3.33333
14 0.333333
15 3.0
16 3.0
17 1.33333
18 1.33333
19 1.33333
20 3.33333
21 1.0
22 1.33333
23 2.66667
24 0.666667
25 2.0
26 3.0
27 3.33333
28 2.66667
29 2.66667
30 2.33333
31 2.66667
32 0.666667
33 2.33333
34 0.666667
35 1.66667
36 1.0
37 0.333333
38 1.0
39 1.66667
40 2.0
41 1.33333
42 2.66667
43 0.333333
44 2.66667
45 0.333333
46 3.33333
47 3.33333
48 3.0
49 2.33333
50 1.0
51 3.33333
52 1.0
53 2.66667
54 0.333333
55 0.666667
56 1.66667
57 3.0
58 1.66667
59 0.333333
60 1.33333
61 1.33333
62 2.33333
63 0.333333
64 2.33333
65 1.66667
66 2.0
67 2.33333
68 3.33333
69 1.33333
70 1.0
DISTANCE_MATRIX
0.0 47.85 49.032 49.9309 30.0832 52.0384 43.1475 61.7599 11.434 49.9309 52.2398 41.8806 21.1896 53.9497 59.6952 48.1207 50.04 48.4391 44.3853 46.1736 43.2939 58.9652 11.0454 55.8434 31.3209 17.978 59.5483 51.0293 54.9563 24.6982 14.3178 19.9249 43.3202 15.6205 52.1595 51.2913 9.89949 41.4964 46.1106 16.2788 55.7296 25.9264 52.1218 48.2701 37.8593 31.0483 38.0789 44.9222 58.6003 25.0799 44.6618 42.19 40.2244 10.0499 48.1041 34.2053 47.1791 61.0576 26.4764 41.4367 43.0116 40.3113 14.8661 21.8033 51.8722 34.1321 31.9531 6.7082 69.0454 51.0392 
47.85 0.0 91.0537 95.9462 17.72 16.1555 20.3961 101.987 57.4493 95.9462 64.2028 87.3769 62.434 10.198 36.2215 20.0 57.4891 9.84886 86.5391 59.9083 87.619 43.382 51.0 97.9439 58.8388 63.9933 52.0096 92.4175 38.4708 36.0793 56.0508 33.0151 36.0694 41.0488 26.1725 93.4451 56.648 87.8172 85.1469 31.6228 97.8835 71.9417 45.2769 34.4819 80.8802 27.296 57.8874 66.1891 61.0 25.807 90.8137 72.6958 73.0874 37.9473 49.7293 13.6015 27.2029 101.667 26.9072 48.8262 12.3693 44.6136 41.8808 67.8186 97.7694 63.7338 60.8344 52.5547 31.1448 57.5674 
49.032 91.0537 0.0 8.48528 74.0882 91.8284 82.9114 12.7279 41.598 8.48528 81.6524 39.0512 29.1548 98.2843 86.3025 95.318 82.3807 92.9449 5.38516 76.3247 40.0125 98.047 40.3259 16.0312 59.6179 32.0156 82.5651 19.3132 95.4255 57.8705 46.8615 58.2509 83.7122 50.216 89.2707 6.08276 40.3259 26.3059 25.4951 60.8419 9.43398 26.8328 77.5242 74.8774 11.6619 67.8444 52.3927 70.0328 74.9466 65.4057 25.0 60.6383 57.4891 55.1915 70.0357 77.933 92.9101 12.0416 65.0538 76.5506 83.1977 65.192 49.3081 29.6816 8.06226 40.5216 58.8869 42.2127 116.243 67.72 
49.9309 95.9462 8.48528 0.0 78.24 97.6029 88.6859 15.2971 42.4969 0.0 78.3826 33.9559 35.1283 102.046 92.7881 96.217 81.5455 96.5353 13.6015 74.1028 34.7131 97.6305 46.1004 22.561 58.7827 34.0147 89.7385 27.2947 94.9709 63.673 46.8615 64.0254 83.2576 55.9905 95.8856 13.0 46.1004 20.0998 33.9706 64.5801 14.0357 25.4558 84.3445 81.4922 16.0 73.6189 59.7746 66.6408 82.6378 71.1802 18.0278 56.648 53.4883 58.936 77.1298 82.3467 92.2063 14.3178 70.8283 75.7538 88.9722 71.8471 55.0826 29.0689 2.23607 48.1041 58.0517 47.9872 115.539 75.2728 
30.0832 17.72 74.0882 78.24 0.0 25.0799 19.8494 85.0213 39.7431 78.24 56.067 74.5659 45.607 24.2074 37.4433 21.587 50.0284 19.105 69.5737 51.2508 74.808 44.0454 33.8378 81.0247 49.8995 46.2871 49.6488 75.9276 39.0128 22.4722 38.3446 17.2047 31.3209 24.7588 29.0 76.4797 39.0 70.1111 69.3109 13.9284 80.918 54.2355 41.7612 28.8617 63.9147 16.0312 45.2217 58.6673 55.3755 10.7703 73.1075 63.7565 64.1481 20.2485 43.2586 4.12311 27.0185 84.7012 13.3417 40.5172 15.6525 36.0 25.4558 50.1124 80.1813 49.3964 51.895 34.9285 41.1825 50.0 
52.0384 16.1555 91.8284 97.6029 25.0799 0.0 11.1803 102.707 62.407 97.6029 78.5175 92.8536 63.0476 25.318 21.095 35.8469 72.1388 26.0 87.1287 73.7564 94.2669 59.5063 52.3209 98.4145 72.4172 68.951 37.6563 92.5612 54.5619 35.8661 61.1199 33.6491 51.225 41.6155 11.4018 94.1642 59.3275 92.4694 84.3881 36.3456 98.6209 76.8994 31.9531 24.0832 81.6549 27.0828 50.248 79.7815 48.1041 27.0 95.6348 86.2742 86.6658 42.107 38.0789 21.9545 43.0465 102.345 26.831 62.9682 9.48683 34.7131 42.5407 72.7763 98.5441 61.0109 74.4128 55.2345 46.0977 46.1411 
43.1475 20.3961 82.9114 88.6859 19.8494 11.1803 0.0 93.7898 53.7063 88.6859 75.6797 84.1529 54.1306 30.5941 17.8885 36.8782 69.6348 29.0 78.2117 70.8635 85.5662 60.8769 43.404 89.4975 69.5123 60.2503 32.1403 83.6442 55.7853 26.9491 52.6103 24.7322 50.0899 32.6986 9.21954 85.2472 50.4106 83.7687 74.4521 27.8568 89.7039 68.1987 25.02 14.3178 72.7379 18.1658 40.3121 78.2801 40.6079 18.083 86.9341 83.3692 78.6068 33.2962 29.4109 18.3576 43.6807 93.428 17.914 60.13 8.06226 24.7829 33.6237 64.0756 89.6271 51.0749 71.5078 46.3175 51.4782 37.3363 
61.7599 101.987 12.7279 15.2971 85.0213 102.707 93.7898 0.0 54.3259 15.2971 93.2981 49.2443 39.8497 109.217 95.4719 108.046 94.8432 103.878 15.6525 88.7872 50.01 110.701 51.2589 10.6301 72.0804 44.6878 90.2718 18.3576 108.079 68.6804 59.5483 69.184 96.3662 61.1491 98.4401 8.544 51.2589 35.3553 27.8568 71.775 4.12311 39.1152 86.0 84.0467 24.2074 78.7464 60.075 81.5577 81.3941 76.3388 33.0606 71.7844 68.6222 66.1246 78.0577 88.8661 105.638 1.0 75.9869 89.0505 94.0761 74.108 60.2411 42.2019 13.1529 48.0416 71.3494 53.1457 128.971 74.6726 
11.434 57.4493 41.598 42.4969 39.7431 62.407 53.7063 54.3259 0.0 42.4969 49.0956 34.4466 27.02 63.549 69.9428 57.72 48.0977 58.0384 39.8021 43.1947 35.8599 61.1223 20.3576 54.6972 27.02 10.544 70.884 52.5668 58.5009 36.1321 10.2462 31.1548 46.7875 27.0 62.7182 46.6878 14.0416 34.368 50.2701 26.0832 50.8365 18.4924 63.4816 59.6299 30.4253 42.1622 48.1411 40.3275 69.4759 35.7343 37.2278 36.0147 33.7648 20.4391 59.28 43.8498 55.3121 53.6236 37.4401 40.6264 53.1566 51.5782 26.2074 14.3693 44.4382 42.5216 27.1794 14.083 78.6447 61.8164 
49.9309 95.9462 8.48528 0.0 78.24 97.6029 88.6859 15.2971 42.4969 0.0 78.3826 33.9559 35.1283 102.046 92.7881 96.217 81.5455 96.5353 13.6015 74.1028 34.7131 97.6305 46.1004 22.561 58.7827 34.0147 89.7385 27.2947 94.9709 63.673 46.8615 64.0254 83.2576 55.9905 95.8856 13.0 46.1004 20.0998 33.9706 64.5801 14.0357 25.4558 84.3445 81.4922 16.0 73.6189 59.7746 66.6408 82.6378 71.1802 18.0278 56.648 53.4883 58.936 77.1298 82.3467 92.2063 14.3178 70.8283 75.7538 88.9722 71.8471 55.0826 29.0689 2.23607 48.1041 58.0517 47.9872 115.539 75.2728 
52.2398 64.2028 81.6524 78.3826 56.067 78.5175 75.6797 93.2981 49.0956 78.3826 0.0 46.2277 72.0278 60.4152 93.4495 45.2769 7.28011 55.7584 81.29 6.08276 46.0977 32.0 63.2851 96.509 22.3607 55.3263 105.026 96.0469 33.3766 70.0243 39.0128 62.776 28.6531 64.605 84.6419 87.3831 59.0339 60.2163 95.0368 53.3104 90.9356 55.6599 97.5834 86.2253 72.1249 70.1965 89.2831 12.0416 106.787 62.4455 63.6003 23.3452 26.1725 53.5228 94.9368 57.449 38.9102 92.3753 65.2675 15.5563 70.0357 86.9253 64.2075 52.2015 80.6186 86.3713 22.8035 58.0345 54.5894 100.027 
41.8806 87.3769 39.0512 33.9559 74.5659 92.8536 84.1529 49.2443 34.4466 33.9559 46.2277 0.0 45.0147 85.9903 100.389 71.5737 49.5177 80.3508 41.1096 42.4264 1.41421 70.9906 50.8042 55.0818 29.0503 30.2853 101.331 57.2189 69.7116 66.5787 36.2507 61.6014 59.1212 57.4466 93.1649 45.0999 44.4882 14.3178 59.9083 56.5298 47.5184 18.0278 93.9282 90.0766 33.9559 72.6088 71.821 34.2053 95.1159 66.1809 17.4929 23.3238 20.2485 50.8857 89.7267 79.8196 68.1892 48.2701 67.8867 47.2881 83.6033 82.0249 56.6541 20.105 36.1386 62.2013 27.1715 44.5297 88.6785 87.3692 
21.1896 62.434 29.1548 35.1283 45.607 63.0476 54.1306 39.8497 27.02 35.1283 72.0278 45.0147 0.0 69.814 57.7062 64.3371 70.5762 64.5368 24.5153 66.0681 46.4142 79.6241 12.0416 35.5106 50.04 17.693 55.3624 30.4138 75.5911 28.8617 33.0151 29.5296 63.9766 21.4709 60.6744 31.3209 13.0 40.2244 25.0599 32.5269 35.7351 27.0267 49.4773 46.281 19.2354 38.8973 26.6271 63.6155 49.93 36.7151 41.6773 58.1681 55.5345 27.0185 42.72 49.4065 68.0127 39.5601 36.2491 62.3699 54.4169 36.8782 20.5913 25.601 36.0139 17.2047 50.506 14.5602 85.2618 42.19 
53.9497 10.198 98.2843 102.046 24.2074 25.318 30.5941 109.217 63.549 102.046 60.4152 85.9903 69.814 0.0 46.0435 15.2315 53.3385 6.08276 93.7697 56.8595 86.2324 35.805 58.0086 105.228 57.4878 70.093 62.0725 100.125 31.241 45.0 62.1504 41.0122 31.7648 48.8365 36.0139 100.676 62.8236 93.7478 93.3488 37.7359 105.114 77.8235 55.4437 44.643 88.1108 36.3152 66.9067 64.195 71.1969 33.9706 96.7442 71.1969 71.7008 44.0546 59.9083 20.5183 21.6333 108.897 35.609 45.6946 22.561 54.6936 49.5782 73.7283 103.987 72.6223 59.4827 58.77 21.0238 67.72 
59.6952 36.2215 86.3025 92.7881 37.4433 21.095 17.8885 95.4719 69.9428 92.7881 93.4495 100.389 57.7062 46.0435 0.0 54.4059 87.4109 45.7056 81.2434 88.6333 101.803 78.4474 52.7764 88.459 84.8511 76.4868 16.7631 81.0247 73.3757 35.6366 68.8469 40.9687 67.9779 44.0749 10.0499 87.3015 61.7207 100.005 71.5681 44.131 91.4088 84.4353 12.7279 14.3178 76.9694 34.4024 37.0 93.6189 28.3019 34.3196 99.1699 96.355 94.8434 49.5328 20.8087 36.2353 61.3514 95.3997 34.1506 77.8998 25.0 21.587 44.8479 80.3121 93.5657 48.2701 84.9271 58.6815 67.0075 28.3196 
48.1207 20.0 95.318 96.217 21.587 35.8469 36.8782 108.046 57.72 96.217 45.2769 71.5737 64.3371 15.2315 54.4059 0.0 38.2753 10.6301 93.5222 41.6293 71.8158 24.0416 52.3532 99.6226 43.0116 64.2641 68.884 94.8086 18.9737 43.9659 56.3215 38.0789 16.6433 44.7772 44.5982 100.408 56.9946 87.9189 88.7155 31.9177 104.557 71.9946 61.4003 49.0408 84.1454 37.2156 66.7608 49.0408 76.0066 32.28 90.9153 56.4358 57.1402 38.2256 64.0078 20.025 7.2111 107.344 34.9285 30.4631 29.4109 57.2216 45.2769 67.8994 98.1582 70.214 45.0111 52.9411 21.2132 71.2063 
50.04 57.4891 82.3807 81.5455 50.0284 72.1388 69.6348 94.8432 48.0977 81.5455 7.28011 49.5177 70.5762 53.3385 87.4109 38.2753 0.0 48.8262 81.939 7.2111 49.5782 25.0799 61.0082 97.17 22.8254 54.5711 99.4586 96.1353 26.1725 65.8027 37.855 58.5235 21.6333 60.8276 78.6003 88.1115 57.7062 63.0744 94.3663 49.0408 91.8135 56.3882 91.5213 78.58 72.6154 65.1503 85.9884 16.5529 102.46 57.9227 66.5432 27.7849 30.2324 49.6488 90.4883 51.4004 31.7648 94.0303 60.7448 9.84886 63.8905 82.5409 60.6712 52.8015 83.6397 84.006 23.8537 56.2228 47.3814 95.8801 
48.4391 9.84886 92.9449 96.5353 19.105 26.0 29.0 103.878 58.0384 96.5353 55.7584 80.3508 64.5368 6.08276 45.7056 10.6301 48.8262 0.0 88.4304 51.8845 80.5929 33.541 52.6308 99.8885 51.8127 64.5824 61.0737 94.921 28.6531 40.8167 56.6399 36.2353 27.2029 43.8634 35.6931 95.3364 57.313 88.2372 88.4138 32.2025 99.7748 72.313 54.0093 42.4264 82.7714 32.4835 63.0714 58.8727 69.3542 29.4109 91.2336 65.5134 66.0424 38.544 57.7062 15.8114 17.6918 103.558 31.3847 40.7063 21.0238 52.0727 44.5533 68.2178 98.4766 68.2422 53.8083 53.2594 23.0868 65.307 
44.3853 86.5391 5.38516 13.6015 69.5737 87.1287 78.2117 15.6525 39.8021 13.6015 81.29 41.1096 24.5153 93.7697 81.2434 93.5222 81.939 88.4304 0.0 75.9605 42.19 96.7276 35.8113 15.2315 59.2368 29.7321 77.2787 16.1245 94.303 53.3667 45.4863 53.7364 82.5897 45.7014 84.2117 7.2111 35.8113 29.4109 20.8087 56.3274 11.6619 26.9258 72.3395 69.8183 9.43398 63.3246 47.0744 70.5656 69.5701 60.8912 28.6356 61.6604 58.5491 50.677 64.7765 73.4185 91.1142 15.2315 60.5393 75.6637 78.6831 60.075 44.7935 29.1548 13.4164 35.171 58.5235 37.6981 114.447 62.3618 
46.1736 59.9083 76.3247 74.1028 51.2508 73.7564 70.8635 88.7872 43.1947 74.1028 6.08276 42.4264 66.0681 56.8595 88.6333 41.6293 7.2111 51.8845 75.9605 0.0 42.45 31.5753 57.2189 91.1811 16.7631 49.4975 99.2136 90.5207 32.0156 64.1798 33.0606 56.9315 25.2982 58.5291 79.8257 82.0554 53.0848 56.0817 89.2693 47.4666 85.7575 50.3322 91.7705 80.4124 66.7308 64.3836 83.2072 9.48683 100.942 56.6326 59.5483 20.5913 23.0217 47.6783 89.0924 52.6328 35.7351 87.9743 59.4547 11.1803 65.2221 81.082 58.1317 46.8188 76.3387 80.3057 17.4642 52.0096 53.0377 94.182 
43.2939 87.619 40.0125 34.7131 74.808 94.2669 85.5662 50.01 35.8599 34.7131 46.0977 1.41421 46.4142 86.2324 101.803 71.8158 49.5782 80.5929 42.19 42.45 0.0 71.2327 52.2175 56.0357 29.2924 31.6986 102.744 58.3095 69.9537 67.992 36.4928 63.0147 59.3633 58.8599 94.5782 46.0435 45.9015 14.8661 61.131 57.9431 48.3735 19.4165 95.3415 91.4899 35.171 74.0221 73.2343 34.0588 96.5292 67.5942 17.8885 23.0217 20.0 52.299 91.14 80.0617 68.4313 49.0306 69.3 47.5302 88.2748 83.4382 58.0674 21.5183 36.8782 63.6003 27.4136 45.943 88.9206 88.7825 
58.9652 43.382 98.047 97.6305 44.0454 59.5063 60.8769 110.701 61.1223 97.6305 32.0 70.9906 79.6241 35.805 78.4474 24.0416 25.0799 33.541 96.7276 31.5753 71.2327 0.0 68.1542 111.82 42.19 67.6664 92.7631 109.603 5.09902 65.2763 51.2441 58.5491 15.6525 64.068 68.6222 103.438 68.8647 84.4222 104.667 51.0725 107.432 72.4732 85.1587 72.5603 87.2984 60.075 87.8237 41.0 99.3227 54.037 87.891 51.5461 53.4883 53.7923 87.2085 43.4166 17.2627 109.93 57.0088 23.7065 53.4509 80.025 64.2714 68.6244 99.7247 89.4207 43.909 65.4956 23.4094 94.0213 
11.0454 51.0 40.3259 46.1004 33.8378 52.3209 43.404 51.2589 20.3576 46.1004 63.2851 50.8042 12.0416 58.0086 52.7764 52.3532 61.0082 52.6308 35.8113 57.2189 52.2175 68.1542 0.0 47.2694 42.2019 26.9016 52.1536 42.4264 64.015 20.0998 25.0 18.6815 52.5547 11.0454 52.4159 42.7173 8.94427 50.8746 36.8917 20.5183 47.1557 34.85 45.1774 41.3513 30.1524 29.1548 27.7849 55.7853 49.5177 25.632 52.3529 52.3259 50.1199 15.0 40.0 37.7359 55.9131 50.9389 25.7099 52.2398 43.6902 32.7567 10.0499 30.7269 47.0416 23.0868 42.72 6.40312 73.2779 41.7732 
55.8434 97.9439 16.0312 22.561 81.0247 98.4145 89.4975 10.6301 54.6972 22.561 96.509 55.0818 35.5106 105.228 88.459 99.6226 97.17 99.8885 15.2315 91.1811 56.0357 111.82 47.2694 0.0 74.4648 44.4072 82.0 8.24621 109.198 63.561 60.5392 65.0 97.4848 56.9386 91.4351 10.0 47.2694 42.107 18.2483 67.7855 8.94427 42.0595 78.3135 77.0417 24.5967 73.8241 52.1536 85.7286 72.4431 72.2011 40.4475 76.4853 73.3485 62.1351 70.1142 84.8764 102.832 11.3137 71.5891 90.824 89.7838 66.9104 56.0803 44.3847 20.8806 40.3113 73.7435 49.1562 120.547 66.0681 
31.3209 58.8388 59.6179 58.7827 49.8995 72.4172 69.5123 72.0804 27.02 58.7827 22.3607 29.0503 50.04 57.4878 84.8511 43.0116 22.8254 51.8127 59.2368 16.7631 29.2924 42.19 42.2019 74.4648 0.0 33.0606 88.2179 73.7631 40.7185 52.7363 17.2627 46.4576 30.0832 45.1774 78.4745 65.3486 37.054 42.482 72.6911 39.8334 69.0507 33.6254 80.7749 76.9232 49.98 56.8311 69.2892 13.6015 88.6864 49.8427 45.9508 14.3178 14.3178 35.0562 77.4793 51.2815 39.3192 71.2675 51.9125 18.6011 63.8708 69.4575 44.7214 30.0832 60.8769 65.1153 2.0 36.4966 59.6657 81.4125 
17.978 63.9933 32.0156 34.0147 46.2871 68.951 60.2503 44.6878 10.544 34.0147 55.3263 30.2853 17.693 70.093 76.4868 64.2641 54.5711 64.5824 29.7321 49.4975 31.6986 67.6664 26.9016 44.4072 33.0606 0.0 77.428 42.0476 65.0449 42.6761 16.7631 37.6988 53.3315 33.544 69.2623 36.7696 20.5856 29.6142 39.8121 32.6272 41.0366 13.6015 70.0256 66.1739 20.5183 48.7062 54.6851 46.0435 76.0199 42.2783 32.249 40.5216 37.9473 26.9831 65.824 50.3938 61.8561 44.0454 43.9841 47.1704 59.7006 58.1222 32.7514 10.2956 35.7771 34.8799 33.0 20.627 85.1887 68.3604 
59.5483 52.0096 82.5651 89.7385 49.6488 37.6563 32.1403 90.2718 70.884 89.7385 105.026 101.331 55.3624 62.0725 16.7631 68.884 99.4586 61.0737 77.2787 99.2136 102.744 92.7631 52.1536 82.0 88.2179 77.428 0.0 74.027 87.6641 35.5062 72.8637 42.4288 80.9568 43.9318 26.3059 82.6075 61.0574 95.481 64.0703 51.7546 86.3713 82.2605 8.06226 21.0238 74.3303 45.6428 30.2655 102.782 12.8062 45.5601 96.9593 100.674 99.0862 53.3102 12.6491 49.4773 75.505 90.3549 45.391 89.9475 40.05 19.4165 44.6878 81.2533 90.2441 42.2966 89.2465 58.2495 83.0963 16.2788 
51.0293 92.4175 19.3132 27.2947 75.9276 92.5612 83.6442 18.3576 52.5668 27.2947 96.0469 57.2189 30.4138 100.125 81.0247 94.8086 96.1353 94.921 16.1245 90.5207 58.3095 109.603 42.4264 8.24621 73.7631 42.0476 74.027 0.0 105.594 57.3062 58.6941 59.4054 93.9576 51.4004 84.0502 14.4222 42.4554 45.3542 10.0499 62.9365 15.6205 42.2966 70.5762 69.6568 24.1868 67.6018 44.4072 85.5102 64.2806 66.6108 44.2719 77.3175 74.2428 57.3149 62.2896 79.6492 98.0185 18.868 65.7343 89.1572 83.9305 59.439 50.6063 43.9318 26.0768 32.7567 73.2462 44.3422 115.676 58.0086 
54.9563 38.4708 95.4255 94.9709 39.0128 54.5619 55.7853 108.079 58.5009 94.9709 33.3766 69.7116 75.5911 31.241 73.3757 18.9737 26.1725 28.6531 94.303 32.0156 69.9537 5.09902 64.015 109.198 40.7185 65.0449 87.6641 105.594 0.0 60.407 48.6227 53.7587 12.0416 59.379 63.5689 101.189 64.8558 83.1433 100.648 46.3835 104.81 69.8518 80.0625 67.4759 84.9262 55.0364 83.0241 41.1947 94.2603 49.0918 86.6121 51.1957 52.8867 49.6312 82.1523 38.3275 12.1655 107.309 52.0384 22.8035 48.3839 75.0067 59.8 66.0029 97.0884 85.0009 42.5441 61.4868 21.2132 89.0056 
24.6982 36.0793 57.8705 63.673 22.4722 35.8661 26.9491 68.6804 36.1321 63.673 70.0243 66.5787 28.8617 45.0 35.6366 43.9659 65.8027 40.8167 53.3667 64.1798 67.992 65.2763 20.0998 63.561 52.7363 42.6761 35.5062 57.3062 60.407 0.0 37.4833 7.28011 51.0098 9.48683 35.9611 60.1664 28.6356 66.1945 49.4065 16.7631 64.56 50.6245 28.0631 24.2115 47.725 10.2956 22.8035 66.1308 36.7696 11.7047 69.3599 65.1928 63.6553 17.8045 25.0599 25.0599 48.8365 68.4105 9.43398 56.0446 27.2354 17.0 10.4403 46.5014 64.6142 27.6586 53.7648 25.0 63.5059 30.0832 
14.3178 56.0508 46.8615 46.8615 38.3446 61.1199 52.6103 59.5483 10.2462 46.8615 39.0128 36.2507 33.0151 62.1504 68.8469 56.3215 37.855 56.6399 45.4863 33.0606 36.4928 51.2441 25.0 60.5392 17.2627 16.7631 72.8637 58.6941 48.6227 37.4833 0.0 31.4006 36.9093 29.2062 61.6223 52.2015 20.025 37.6274 56.5163 24.7818 56.2228 21.7634 65.4206 61.569 36.0555 41.7795 52.3927 30.8058 72.6705 34.7911 40.6238 28.0179 26.2488 20.0 61.8466 42.4513 45.1264 58.7963 36.8609 30.4631 51.8114 53.9073 28.6007 17.8045 48.9183 47.8539 17.72 19.2354 65.903 65.192 
19.9249 33.0151 58.2509 64.0254 17.2047 33.6491 24.7322 69.184 31.1548 64.0254 62.776 61.6014 29.5296 41.0122 40.9687 38.0789 58.5235 36.2353 53.7364 56.9315 63.0147 58.5491 18.6815 65.0 46.4576 37.6988 42.4288 59.4054 53.7587 7.28011 31.4006 0.0 44.0114 8.06226 33.7441 60.6424 26.0192 61.2172 52.345 9.48683 65.0807 45.6472 34.9857 31.1341 48.0774 11.1803 29.2746 59.8521 44.0114 7.2111 64.3826 58.9141 57.4025 11.4018 32.2025 20.5183 42.45 68.8639 7.07107 48.7647 25.0184 24.1661 8.94427 41.5241 64.9666 32.249 47.4861 22.0 58.3095 37.3631 
43.3202 36.0694 83.7122 83.2576 31.3209 51.225 50.0899 96.3662 46.7875 83.2576 28.6531 59.1212 63.9766 31.7648 67.9779 16.6433 21.6333 27.2029 82.5897 25.2982 59.3633 15.6525 52.5547 97.4848 30.0832 53.3315 80.9568 93.9576 12.0416 51.0098 36.9093 44.0114 0.0 48.6688 58.6686 89.1029 53.2197 74.0025 89.0222 35.2779 93.0971 58.1385 73.0821 60.1664 73.2129 47.0744 73.174 33.3766 86.316 40.3113 76.9989 42.0476 43.2897 38.3275 74.158 31.7805 10.4403 95.5954 43.4166 14.3178 43.566 66.6108 48.8374 54.2896 85.3751 73.9797 32.0156 49.8506 29.6142 80.5047 
15.6205 41.0488 50.216 55.9905 24.7588 41.6155 32.6986 61.1491 27.0 55.9905 64.605 57.4466 21.4709 48.8365 44.0749 44.7772 60.8276 43.8634 45.7014 58.5291 58.8599 64.068 11.0454 56.9386 45.1774 33.544 43.9318 51.4004 59.379 9.48683 29.2062 8.06226 48.6688 0.0 41.7106 52.6074 19.2354 57.0624 44.5533 13.6015 57.0458 41.4924 36.5014 32.6497 40.0425 18.1108 25.1794 58.6003 43.566 15.2643 60.2278 57.2014 55.4437 11.1803 32.6497 28.3196 48.4731 60.829 14.8661 51.3517 32.9848 24.7588 1.0 37.3693 56.9317 25.632 46.1411 15.5242 65.4599 36.2353 
52.1595 26.1725 89.2707 95.8856 29.0 11.4018 9.21954 98.4401 62.7182 95.8856 84.6419 93.1649 60.6744 36.0139 10.0499 44.5982 78.6003 35.6931 84.2117 79.8257 94.5782 68.6222 52.4159 91.4351 78.4745 69.2623 26.3059 84.0502 63.5689 35.9611 61.6223 33.7441 58.6686 41.7106 0.0 90.2697 59.4226 92.7807 74.7012 36.9064 94.377 77.2107 20.6155 14.7648 79.9376 27.1778 40.5612 87.2423 36.7696 27.095 95.9461 92.3314 87.6188 42.3082 27.2029 27.2029 51.6236 98.3679 26.926 69.0922 15.2315 25.0 42.6357 73.0876 96.8268 51.324 80.47 55.3295 57.0 35.2278 
51.2913 93.4451 6.08276 13.0 76.4797 94.1642 85.2472 8.544 46.6878 13.0 87.3831 45.0999 31.3209 100.676 87.3015 100.408 88.1115 95.3364 7.2111 82.0554 46.0435 103.438 42.7173 10.0 65.3486 36.7696 82.6075 14.4222 101.189 60.1664 52.2015 60.6424 89.1029 52.6074 90.2697 0.0 42.7173 32.1403 22.2036 63.2334 4.47214 32.6956 78.0577 75.8764 16.2788 70.214 52.345 76.0683 74.2159 67.7971 30.5941 66.7083 63.561 57.583 70.2567 80.3245 97.9999 8.24621 67.4453 82.1523 85.5335 66.0076 51.6995 35.3553 11.6619 40.3113 64.6177 44.6041 121.333 67.2681 
9.89949 56.648 40.3259 46.1004 39.0 59.3275 50.4106 51.2589 14.0416 46.1004 59.0339 44.4882 13.0 62.8236 61.7207 56.9946 57.7062 57.313 35.8113 53.0848 45.9015 68.8647 8.94427 47.2694 37.054 20.5856 61.0574 42.4554 64.8558 28.6356 20.025 26.0192 53.2197 19.2354 59.4226 42.7173 0.0 44.104 37.5367 25.0799 47.1557 28.534 54.1202 50.2955 30.1524 37.0135 35.609 50.3691 58.0 32.3883 47.2694 46.0563 43.8064 18.7883 48.8262 43.0813 57.2827 50.9389 33.0606 49.7293 50.636 41.6773 18.2483 24.4109 47.0416 28.7924 37.221 4.12311 77.9193 50.2096 
41.4964 87.8172 26.3059 20.0998 70.1111 92.4694 83.7687 35.3553 34.368 20.0998 60.2163 14.3178 40.2244 93.7478 100.005 87.9189 63.0744 88.2372 29.4109 56.0817 14.8661 84.4222 50.8746 42.107 42.482 29.6142 95.481 45.3542 83.1433 66.1945 37.6274 61.2172 74.0025 57.0624 92.7807 32.1403 44.104 0.0 49.6588 56.4512 34.0147 16.1245 89.5281 89.6924 24.4131 72.2246 66.8506 48.2597 90.1457 65.7967 3.60555 37.5899 34.4819 50.8071 82.8443 74.2178 82.2195 34.3657 67.5025 60.7198 83.5246 76.9118 56.2699 20.0263 22.2036 56.7274 40.6032 44.1455 108.844 82.399 
46.1106 85.1469 25.4951 33.9706 69.3109 84.3881 74.4521 27.8568 50.2701 33.9706 95.0368 59.9083 25.0599 93.3488 71.5681 88.7155 94.3663 88.4138 20.8087 89.2693 61.131 104.667 36.8917 18.2483 72.6911 39.8121 64.0703 10.0499 100.648 49.4065 56.5163 52.345 89.0222 44.5533 74.7012 22.2036 37.5367 49.6588 0.0 57.0088 24.5967 43.2897 60.8276 60.3079 25.9615 59.6406 34.7131 85.2115 54.231 59.4643 49.2443 78.0601 75.1066 51.8652 52.469 72.8354 92.2754 28.2312 58.258 86.8965 76.4006 50.0 43.8634 44.0114 33.2415 23.4094 72.4431 39.4235 109.636 48.0 
16.2788 31.6228 60.8419 64.5801 13.9284 36.3456 27.8568 71.775 26.0832 64.5801 53.3104 56.5298 32.5269 37.7359 44.131 31.9177 49.0408 32.2025 56.3274 47.4666 57.9431 51.0725 20.5183 67.7855 39.8334 32.6272 51.7546 62.9365 46.3835 16.7631 24.7818 9.48683 35.2779 13.6015 36.9064 63.2334 25.0799 56.4512 57.0088 0.0 67.6717 40.5756 44.3116 40.4599 50.6684 17.8045 38.0132 51.0347 53.4883 10.2956 59.311 52.2899 50.7783 6.32456 41.6293 18.0278 35.4776 71.4549 12.8062 39.2938 27.074 33.6155 13.9284 36.4525 66.5214 39.2173 40.862 21.0238 52.8424 46.8402 
55.7296 97.8835 9.43398 14.0357 80.918 98.6209 89.7039 4.12311 50.8365 14.0357 90.9356 47.5184 35.7351 105.114 91.4088 104.557 91.8135 99.7748 11.6619 85.7575 48.3735 107.432 47.1557 8.94427 69.0507 41.0366 86.3713 15.6205 104.81 64.56 56.2228 65.0807 93.0971 57.0458 94.377 4.47214 47.1557 34.0147 24.5967 67.6717 0.0 36.2353 82.0061 79.9837 20.5183 74.6324 56.1427 79.1952 77.666 72.2355 32.0624 69.6419 66.4831 62.0213 74.108 84.7629 102.149 4.0 71.8679 85.9826 89.9902 70.0643 56.1379 39.1152 12.1655 44.1022 68.3197 49.0425 125.481 70.859 
25.9264 71.9417 26.8328 25.4558 54.2355 76.8994 68.1987 39.1152 18.4924 25.4558 55.6599 18.0278 27.0267 77.8235 84.4353 71.9946 56.3882 72.313 26.9258 50.3322 19.4165 72.4732 34.85 42.0595 33.6254 13.6015 82.2605 42.2966 69.8518 50.6245 21.7634 45.6472 58.1385 41.4924 77.2107 32.6956 28.534 16.1245 43.2897 40.5756 36.2353 0.0 76.3077 74.1223 18.1108 56.6546 53.6303 44.9355 76.9253 50.2267 19.0 35.0571 32.0156 34.9315 69.6239 58.3422 66.0212 38.2753 51.9325 50.5964 67.649 63.6914 40.6999 4.12311 27.5862 44.2041 32.8944 28.5755 86.7978 69.1785 
52.1218 45.2769 77.5242 84.3445 41.7612 31.9531 25.02 86.0 63.4816 84.3445 97.5834 93.9282 49.4773 55.4437 12.7279 61.4003 91.5213 54.0093 72.3395 91.7705 95.3415 85.1587 45.1774 78.3135 80.7749 70.0256 8.06226 70.5762 80.0625 28.0631 65.4206 34.9857 73.0821 36.5014 20.6155 78.0577 54.1202 89.5281 60.8276 44.3116 82.0061 76.3077 0.0 13.0 68.6586 37.7055 26.1725 95.339 16.1555 37.6228 91.0065 93.2314 91.6432 45.8672 8.544 41.7732 67.897 86.0058 33.2489 83.2548 33.0606 12.6491 37.2744 73.8509 85.0 38.0526 81.8034 51.1077 76.4199 15.6205 
48.2701 34.4819 74.8774 81.4922 28.8617 24.0832 14.3178 84.0467 59.6299 81.4922 86.2253 90.0766 46.281 44.643 14.3178 49.0408 78.58 42.4264 69.8183 80.4124 91.4899 72.5603 41.3513 77.0417 76.9232 66.1739 21.0238 69.6568 67.4759 24.2115 61.569 31.1341 60.1664 32.6497 14.7648 75.8764 50.2955 89.6924 60.3079 40.4599 79.9837 74.1223 13.0 0.0 65.5442 24.7643 26.1678 83.9809 27.0185 24.6815 87.7448 89.3797 87.8681 42.0155 15.2971 29.1548 55.3263 83.9745 24.5125 69.0689 22.1359 10.6301 33.4227 69.9992 82.1406 36.9307 77.9518 47.2564 65.307 23.0868 
37.8593 80.8802 11.6619 16.0 63.9147 81.6549 72.7379 24.2074 30.4253 16.0 72.1249 33.9559 19.2354 88.1108 76.9694 84.1454 72.6154 82.7714 9.43398 66.7308 35.171 87.2984 30.1524 24.5967 49.98 20.5183 74.3303 24.1868 84.9262 47.725 36.0555 48.0774 73.2129 40.0425 79.9376 16.2788 30.1524 24.4131 25.9615 50.6684 20.5183 18.1108 68.6586 65.5442 0.0 57.6709 44.7772 61.4201 67.9779 55.2322 24.7588 53.1507 50.0899 45.018 61.6847 67.7595 81.7375 23.6008 54.8803 66.242 73.0242 56.0892 39.1346 19.9249 17.1172 33.6155 49.3356 32.0392 105.07 60.4152 
31.0483 27.296 67.8444 73.6189 16.0312 27.0828 18.1658 78.7464 42.1622 73.6189 70.1965 72.6088 38.8973 36.3152 34.4024 37.2156 65.1503 32.4835 63.3246 64.3836 74.0221 60.075 29.1548 73.8241 56.8311 48.7062 45.6428 67.6018 55.0364 10.2956 41.7795 11.1803 47.0744 18.1108 27.1778 70.214 37.0135 72.2246 59.6406 17.8045 74.6324 56.6546 37.7055 24.7643 57.6709 0.0 30.8869 67.9521 39.4053 7.81025 75.39 69.2876 67.776 21.9317 27.2473 17.2631 43.0 78.4474 5.0 55.6391 18.4521 20.025 19.105 52.5315 74.5601 37.4833 57.8596 33.0606 55.4791 34.0147 
38.0789 57.8874 52.3927 59.7746 45.2217 50.248 40.3121 60.075 48.1411 59.7746 89.2831 71.821 26.6271 66.9067 37.0 66.7608 85.9884 63.0714 47.0744 83.2072 73.2343 87.8237 27.7849 52.1536 69.2892 54.6851 30.2655 44.4072 83.0241 22.8035 52.3927 29.2746 73.174 25.1794 40.5612 52.345 35.609 66.8506 34.7131 38.0132 56.1427 53.6303 26.1725 26.1678 44.7772 30.8869 0.0 82.8734 23.3238 34.4819 68.2642 80.0625 77.8974 36.3456 18.0 47.5395 71.5891 60.1332 31.9531 76.531 47.9041 15.6525 25.318 52.2046 60.1664 12.0416 70.0071 34.1321 86.0058 15.6525 
44.9222 66.1891 70.0328 66.6408 58.6673 79.7815 78.2801 81.5577 40.3275 66.6408 12.0416 34.2053 63.6155 64.195 93.6189 49.0408 16.5529 58.8727 70.5656 9.48683 34.0588 41.0 55.7853 85.7286 13.6015 46.0435 102.782 85.5102 41.1947 66.1308 30.8058 59.8521 33.3766 58.6003 87.2423 76.0683 50.3691 48.2597 85.2115 51.0347 79.1952 44.9355 95.339 83.9809 61.4201 67.9521 82.8734 0.0 102.081 60.2011 51.614 11.4018 14.1421 48.4507 90.8738 58.6458 43.7379 80.6349 63.0231 19.105 71.2351 82.852 58.1808 41.5933 68.8767 78.6448 13.1529 50.01 62.0081 94.8207 
58.6003 61.0 74.9466 82.6378 55.3755 48.1041 40.6079 81.3941 69.4759 82.6378 106.787 95.1159 49.93 71.1969 28.3019 76.0066 102.46 69.3542 69.5701 100.942 96.5292 99.3227 49.5177 72.4431 88.6864 76.0199 12.8062 64.2806 94.2603 36.7696 72.6705 44.0114 86.316 43.566 36.7696 74.2159 58.0 90.1457 54.231 53.4883 77.666 76.9253 16.1555 27.0185 67.9779 39.4053 23.3238 102.081 0.0 46.0977 91.586 100.688 98.813 54.1202 12.1655 56.0357 82.1523 81.5843 42.9535 92.656 48.6621 19.9249 44.1022 75.4995 82.8734 34.5398 89.6939 55.9017 92.0706 7.81025 
25.0799 25.807 65.4057 71.1802 10.7703 27.0 18.083 76.3388 35.7343 71.1802 62.4455 66.1809 36.7151 33.9706 34.3196 32.28 57.9227 29.4109 60.8912 56.6326 67.5942 54.037 25.632 72.2011 49.8427 42.2783 45.5601 66.6108 49.0918 11.7047 34.7911 7.2111 40.3113 15.2643 27.095 67.7971 32.3883 65.7967 59.4643 10.2956 72.2355 50.2267 37.6228 24.6815 55.2322 7.81025 34.4819 60.2011 46.0977 0.0 68.9621 62.2992 60.7876 15.2971 33.9559 13.6015 37.3363 76.0187 3.16228 48.1168 18.2483 26.3059 16.1245 46.1036 72.1214 38.833 50.8713 28.2843 51.8845 40.1995 
44.6618 90.8137 25.0 18.0278 73.1075 95.6348 86.9341 33.0606 37.2278 18.0278 63.6003 17.4929 41.6773 96.7442 99.1699 90.9153 66.5432 91.2336 28.6356 59.5483 17.8885 87.891 52.3529 40.4475 45.9508 32.249 96.9593 44.2719 86.6121 69.3599 40.6238 64.3826 76.9989 60.2278 95.9461 30.5941 47.2694 3.60555 49.2443 59.311 32.0624 19.0 91.0065 87.7448 24.7588 75.39 68.2642 51.614 91.586 68.9621 0.0 40.8167 37.7359 53.6669 84.3227 77.2142 85.216 32.0624 70.6679 64.1885 86.3845 78.3902 59.4353 23.0217 20.0 57.8014 44.072 47.3109 111.84 83.863 
42.19 72.6958 60.6383 56.648 63.7565 86.2742 83.3692 71.7844 36.0147 56.648 23.3452 23.3238 58.1681 71.1969 96.355 56.4358 27.7849 65.5134 61.6604 20.5913 23.0217 51.5461 52.3259 76.4853 14.3178 40.5216 100.674 77.3175 51.1957 65.1928 28.0179 58.9141 42.0476 57.2014 92.3314 66.7083 46.0563 37.5899 78.0601 52.2899 69.6419 35.0571 93.2314 89.3797 53.1507 69.2876 80.0625 11.4018 100.688 62.2992 40.8167 0.0 3.16228 47.5127 89.8109 65.1385 52.0096 70.8378 64.369 28.4429 77.7278 81.8352 56.6127 34.0707 58.8727 74.5363 12.53 46.0977 71.4493 93.1933 
40.2244 73.0874 57.4891 53.4883 64.1481 86.6658 78.6068 68.6222 33.7648 53.4883 26.1725 20.2485 55.5345 71.7008 94.8434 57.1402 30.2324 66.0424 58.5491 23.0217 20.0 53.4883 50.1199 73.3485 14.3178 37.9473 99.0862 74.2428 52.8867 63.6553 26.2488 57.4025 43.2897 55.4437 87.6188 63.561 43.8064 34.4819 75.1066 50.7783 66.4831 32.0156 91.6432 87.8681 50.0899 67.776 77.8974 14.1421 98.813 60.7876 37.7359 3.16228 0.0 46.0011 88.0909 65.5301 53.0377 67.6757 62.8574 30.0832 78.1194 80.1561 54.8179 32.0644 55.7136 72.2864 12.3693 43.8478 72.8354 91.2634 
10.0499 37.9473 55.1915 58.936 20.2485 42.107 33.2962 66.1246 20.4391 58.936 53.5228 50.8857 27.0185 44.0546 49.5328 38.2256 49.6488 38.544 50.677 47.6783 52.299 53.7923 15.0 62.1351 35.0562 26.9831 53.3102 57.3149 49.6312 17.8045 20.0 11.4018 38.3275 11.1803 42.3082 57.583 18.7883 50.8071 51.8652 6.32456 62.0213 34.9315 45.8672 42.0155 45.018 21.9317 36.3456 48.4507 54.1202 15.2971 53.6669 47.5127 46.0011 0.0 42.72 24.3516 41.7855 65.8045 17.088 40.1995 33.0 34.6699 11.0454 30.8084 60.8773 35.6931 36.0848 14.7648 59.1503 47.0106 
48.1041 49.7293 70.0357 77.1298 43.2586 38.0789 29.4109 78.0577 59.28 77.1298 94.9368 89.7267 42.72 59.9083 20.8087 64.0078 90.4883 57.7062 64.7765 89.0924 91.14 87.2085 40.0 70.1142 77.4793 65.824 12.6491 62.2896 82.1523 25.0599 61.8466 32.2025 74.158 32.6497 27.2029 70.2567 48.8262 82.8443 52.469 41.6293 74.108 69.6239 8.544 15.2971 61.6847 27.2473 18.0 90.8738 12.1655 33.9559 84.3227 89.8109 88.0909 42.72 0.0 44.0 70.0643 78.1025 30.8058 80.6825 37.3631 8.06226 33.3017 69.6493 77.666 30.0167 78.5079 46.2277 80.604 8.06226 
34.2053 13.6015 77.933 82.3467 4.12311 21.9545 18.3576 88.8661 43.8498 82.3467 57.449 79.8196 49.4065 20.5183 36.2353 20.025 51.4004 15.8114 73.4185 52.6328 80.0617 43.4166 37.7359 84.8764 51.2815 50.3938 49.4773 79.6492 38.3275 25.0599 42.4513 20.5183 31.7805 28.3196 27.2029 80.3245 43.0813 74.2178 72.8354 18.0278 84.7629 58.3422 41.7732 29.1548 67.7595 17.2631 47.5395 58.6458 56.0357 13.6015 77.2142 65.1385 65.5301 24.3516 44.0 0.0 26.1725 88.5461 15.6525 41.8992 12.8062 37.2571 29.0689 54.2191 84.6488 52.4309 53.2771 39.0 38.4838 51.1816 
47.1791 27.2029 92.9101 92.2063 27.0185 43.0465 43.6807 105.638 55.3121 92.2063 38.9102 68.1892 68.0127 21.6333 61.3514 7.2111 31.7648 17.6918 91.1142 35.7351 68.4313 17.2627 55.9131 102.832 39.3192 61.8561 75.505 98.0185 12.1655 48.8365 45.1264 42.45 10.4403 48.4731 51.6236 97.9999 57.2827 82.2195 92.2754 35.4776 102.149 66.0212 67.897 55.3263 81.7375 43.0 71.5891 43.7379 82.1523 37.3363 85.216 52.0096 53.0377 41.7855 70.0643 26.1725 0.0 104.936 40.1995 24.7386 36.4005 63.0079 48.894 62.5067 93.9778 74.0945 41.3038 53.8549 21.0238 77.0065 
61.0576 101.667 12.0416 14.3178 84.7012 102.345 93.428 1.0 53.6236 14.3178 92.3753 48.2701 39.5601 108.897 95.3997 107.344 94.0303 103.558 15.2315 87.9743 49.0306 109.93 50.9389 11.3137 71.2675 44.0454 90.3549 18.868 107.309 68.4105 58.7963 68.8639 95.5954 60.829 98.3679 8.24621 50.9389 34.3657 28.2312 71.4549 4.0 38.2753 86.0058 83.9745 23.6008 78.4474 60.1332 80.6349 81.5843 76.0187 32.0624 70.8378 67.6757 65.8045 78.1025 88.5461 104.936 0.0 75.6669 88.2326 93.8107 74.0608 59.9211 41.4005 12.1655 48.0937 70.5365 52.8257 128.268 74.8131 
26.4764 26.9072 65.0538 70.8283 13.3417 26.831 17.914 75.9869 37.4401 70.8283 65.2675 67.8867 36.2491 35.609 34.1506 34.9285 60.7448 31.3847 60.5393 59.4547 69.3 57.0088 25.7099 71.5891 51.9125 43.9841 45.391 65.7343 52.0384 9.43398 36.8609 7.07107 43.4166 14.8661 26.926 67.4453 33.0606 67.5025 58.258 12.8062 71.8679 51.9325 33.2489 24.5125 54.8803 5.0 31.9531 63.0231 42.9535 3.16228 70.6679 64.369 62.8574 17.088 30.8058 15.6525 40.1995 75.6669 0.0 50.9389 18.2003 23.1948 15.8114 47.8094 71.7696 37.0135 52.9411 29.0172 54.1295 37.1214 
41.4367 48.8262 76.5506 75.7538 40.5172 62.9682 60.13 89.0505 40.6264 75.7538 15.5563 47.2881 62.3699 45.6946 77.8998 30.4631 9.84886 40.7063 75.6637 11.1803 47.5302 23.7065 52.2398 90.824 18.6011 47.1704 89.9475 89.1572 22.8035 56.0446 30.4631 48.7647 14.3178 51.3517 69.0922 82.1523 49.7293 60.7198 86.8965 39.2938 85.9826 50.5964 83.2548 69.0689 66.242 55.6391 76.531 19.105 92.656 48.1168 64.1885 28.4429 30.0832 40.1995 80.6825 41.8992 24.7386 88.2326 50.9389 0.0 54.4885 72.7351 51.2445 46.8722 77.848 75.0651 20.2485 47.8539 43.1045 86.1278 
43.0116 12.3693 83.1977 88.9722 15.6525 9.48683 8.06226 94.0761 53.1566 88.9722 70.0357 83.6033 54.4169 22.561 25.0 29.4109 63.8905 21.0238 78.6831 65.2221 88.2748 53.4509 43.6902 89.7838 63.8708 59.7006 40.05 83.9305 48.3839 27.2354 51.8114 25.0184 43.566 32.9848 15.2315 85.5335 50.636 83.5246 76.4006 27.074 89.9902 67.649 33.0606 22.1359 73.0242 18.4521 47.9041 71.2351 48.6621 18.2483 86.3845 77.7278 78.1194 33.0 37.3631 12.8062 36.4005 93.8107 18.2003 54.4885 0.0 32.375 33.91 63.5259 89.9134 54.8899 65.8664 46.5296 43.4166 45.2217 
40.3113 44.6136 65.192 71.8471 36.0 34.7131 24.7829 74.108 51.5782 71.8471 86.9253 82.0249 36.8782 54.6936 21.587 57.2216 82.5409 52.0727 60.075 81.082 83.4382 80.025 32.7567 66.9104 69.4575 58.1222 19.4165 59.439 75.0067 17.0 53.9073 24.1661 66.6108 24.7588 25.0 66.0076 41.6773 76.9118 50.0 33.6155 70.0643 63.6914 12.6491 10.6301 56.0892 20.025 15.6525 82.852 19.9249 26.3059 78.3902 81.8352 80.1561 34.6699 8.06226 37.2571 63.0079 74.0608 23.1948 72.7351 32.375 0.0 25.4558 61.9475 72.5603 26.6833 70.4861 38.833 75.1057 14.0 
14.8661 41.8808 49.3081 55.0826 25.4558 42.5407 33.6237 60.2411 26.2074 55.0826 64.2075 56.6541 20.5913 49.5782 44.8479 45.2769 60.6712 44.5533 44.7935 58.1317 58.0674 64.2714 10.0499 56.0803 44.7214 32.7514 44.6878 50.6063 59.8 10.4403 28.6007 8.94427 48.8374 1.0 42.6357 51.6995 18.2483 56.2699 43.8634 13.9284 56.1379 40.6999 37.2744 33.4227 39.1346 19.105 25.318 58.1808 44.1022 16.1245 59.4353 56.6127 54.8179 11.0454 33.3017 29.0689 48.894 59.9211 15.8114 51.2445 33.91 25.4558 0.0 36.5768 56.0238 25.2982 45.6508 14.5602 66.0303 36.7151 
21.8033 67.8186 29.6816 29.0689 50.1124 72.7763 64.0756 42.2019 14.3693 29.0689 52.2015 20.105 25.601 73.7283 80.3121 67.8994 52.8015 68.2178 29.1548 46.8188 21.5183 68.6244 30.7269 44.3847 30.0832 10.2956 81.2533 43.9318 66.0029 46.5014 17.8045 41.5241 54.2896 37.3693 73.0876 35.3553 24.4109 20.0263 44.0114 36.4525 39.1152 4.12311 73.8509 69.9992 19.9249 52.5315 52.2046 41.5933 75.4995 46.1036 23.0217 34.0707 32.0644 30.8084 69.6493 54.2191 62.5067 41.4005 47.8094 46.8722 63.5259 61.9475 36.5768 0.0 31.1448 42.7878 29.4109 24.4524 88.8241 67.7528 
51.8722 97.7694 8.06226 2.23607 80.1813 98.5441 89.6271 13.1529 44.4382 2.23607 80.6186 36.1386 36.0139 103.987 93.5657 98.1582 83.6397 98.4766 13.4164 76.3387 36.8782 99.7247 47.0416 20.8806 60.8769 35.7771 90.2441 26.0768 97.0884 64.6142 48.9183 64.9666 85.3751 56.9317 96.8268 11.6619 47.0416 22.2036 33.2415 66.5214 12.1655 27.5862 85.0 82.1406 17.1172 74.5601 60.1664 68.8767 82.8734 72.1214 20.0 58.8727 55.7136 60.8773 77.666 84.6488 93.9778 12.1655 71.7696 77.848 89.9134 72.5603 56.0238 31.1448 0.0 48.3839 60.146 48.9284 119.083 75.5844 
34.1321 63.7338 40.5216 48.1041 49.3964 61.0109 51.0749 48.0416 42.5216 48.1041 86.3713 62.2013 17.2047 72.6223 48.2701 70.214 84.006 68.2422 35.171 80.3057 63.6003 89.4207 23.0868 40.3113 65.1153 34.8799 42.2966 32.7567 85.0009 27.6586 47.8539 32.249 73.9797 25.632 51.324 40.3113 28.7924 56.7274 23.4094 39.2173 44.1022 44.2041 38.0526 36.9307 33.6155 37.4833 12.0416 78.6448 34.5398 38.833 57.8014 74.5363 72.2864 35.6931 30.0167 52.4309 74.0945 48.0937 37.0135 75.0651 54.8899 26.6833 25.2982 42.7878 48.3839 0.0 65.5134 28.6356 90.5539 27.2029 
31.9531 60.8344 58.8869 58.0517 51.895 74.4128 71.5078 71.3494 27.1794 58.0517 22.8035 27.1715 50.506 59.4827 84.9271 45.0111 23.8537 53.8083 58.5235 17.4642 27.4136 43.909 42.72 73.7435 2.0 33.0 89.2465 73.2462 42.5441 53.7648 17.72 47.4861 32.0156 46.1411 80.47 64.6177 37.221 40.6032 72.4431 40.862 68.3197 32.8944 81.8034 77.9518 49.3356 57.8596 70.0071 13.1529 89.6939 50.8713 44.072 12.53 12.3693 36.0848 78.5079 53.2771 41.3038 70.5365 52.9411 20.2485 65.8664 70.4861 45.6508 29.4109 60.146 65.5134 0.0 36.8782 61.6117 82.365 
6.7082 52.5547 42.2127 47.9872 34.9285 55.2345 46.3175 53.1457 14.083 47.9872 58.0345 44.5297 14.5602 58.77 58.6815 52.9411 56.2228 53.2594 37.6981 52.0096 45.943 65.4956 6.40312 49.1562 36.4966 20.627 58.2495 44.3422 61.4868 25.0 19.2354 22.0 49.8506 15.5242 55.3295 44.6041 4.12311 44.1455 39.4235 21.0238 49.0425 28.5755 51.1077 47.2564 32.0392 33.0606 34.1321 50.01 55.9017 28.2843 47.3109 46.0977 43.8478 14.7648 46.2277 39.0 53.8549 52.8257 29.0172 47.8539 46.5296 38.833 14.5602 24.4524 48.9284 28.6356 36.8782 0.0 73.8657 48.1664 
69.0454 31.1448 116.243 115.539 41.1825 46.0977 51.4782 128.971 78.6447 115.539 54.5894 88.6785 85.2618 21.0238 67.0075 21.2132 47.3814 23.0868 114.447 53.0377 88.9206 23.4094 73.2779 120.547 59.6657 85.1887 83.0963 115.676 21.2132 63.5059 65.903 58.3095 29.6142 65.4599 57.0 121.333 77.9193 108.844 109.636 52.8424 125.481 86.7978 76.4199 65.307 105.07 55.4791 86.0058 62.0081 92.0706 51.8845 111.84 71.4493 72.8354 59.1503 80.604 38.4838 21.0238 128.268 54.1295 43.1045 43.4166 75.1057 66.0303 88.8241 119.083 90.5539 61.6117 73.8657 0.0 88.295 
