NAME  : Jabali_70_3_0.88_1_1
TYPE : SVRP
MODEL : FINITE_SUPPORT
NUMBER_OF_SCENARIOS : 200
DIMENSION : 70
EDGE_WEIGHT_TYPE : MATRIX
CAPACITY : 136
N_VEHICLES : 3
NODE_COORD_SECTION
1 3822 4053
2 6728 3052
3 1195 4113
4 921 5489
5 3252 2111
6 3395 1610
7 4111 3714
8 5973 3079
9 7017 2684
10 3767 6317
11 6731 4818
12 4994 8946
13 405 4958
14 3376 6808
15 3519 6113
16 2451 3134
17 3482 131
18 3964 6857
19 5330 511
20 1723 2538
21 7180 3668
22 5242 1536
23 6365 1558
24 8126 4782
25 4702 6482
26 7908 4512
27 6977 4750
28 7811 2376
29 4495 18
30 5638 3762
31 3630 2399
32 7189 4908
33 2248 4709
34 4936 2286
35 1544 5765
36 27 4777
37 2721 6624
38 4004 963
39 7983 3720
40 2021 6848
41 4705 4641
42 5156 6715
43 4815 4383
44 3191 6519
45 8199 5416
46 6212 6670
47 5268 4544
48 3487 7391
49 7144 5213
50 4004 6327
51 5071 5873
52 7571 6237
53 4412 8782
54 5387 3886
55 3872 7204
56 4379 3586
57 3428 4594
58 4143 6260
59 6750 2136
60 1583 2892
61 2726 3410
62 2237 5386
63 3732 5776
64 7061 4167
65 1716 6578
66 3657 6717
67 2882 7173
68 3488 202
69 3916 3396
70 5514 1232
DEMAND_SECTION
1 0.0
2 1.0
3 2.0
4 6.0
5 3.0
6 3.0
7 1.0
8 8.0
9 10.0
10 5.0
11 4.0
12 4.0
13 7.0
14 4.0
15 3.0
16 7.0
17 3.0
18 8.0
19 6.0
20 5.0
21 1.0
22 2.0
23 10.0
24 8.0
25 8.0
26 10.0
27 7.0
28 2.0
29 2.0
30 1.0
31 6.0
32 6.0
33 9.0
34 8.0
35 5.0
36 10.0
37 5.0
38 2.0
39 4.0
40 3.0
41 3.0
42 2.0
43 8.0
44 9.0
45 10.0
46 9.0
47 3.0
48 1.0
49 2.0
50 6.0
51 7.0
52 3.0
53 3.0
54 2.0
55 10.0
56 3.0
57 5.0
58 4.0
59 1.0
60 2.0
61 10.0
62 5.0
63 5.0
64 6.0
65 6.0
66 7.0
67 9.0
68 3.0
69 8.0
70 7.0
DEVIATION_SECTION
1 0.0
2 0.333333
3 0.666667
4 2.0
5 1.0
6 1.0
7 0.333333
8 2.66667
9 3.33333
10 1.66667
11 1.33333
12 1.33333
13 2.33333
14 1.33333
15 1.0
16 2.33333
17 1.0
18 2.66667
19 2.0
20 1.66667
21 0.333333
22 0.666667
23 3.33333
24 2.66667
25 2.66667
26 3.33333
27 2.33333
28 0.666667
29 0.666667
30 0.333333
31 2.0
32 2.0
33 3.0
34 2.66667
35 1.66667
36 3.33333
37 1.66667
38 0.666667
39 1.33333
40 1.0
41 1.0
42 0.666667
43 2.66667
44 3.0
45 3.33333
46 3.0
47 1.0
48 0.333333
49 0.666667
50 2.0
51 2.33333
52 1.0
53 1.0
54 0.666667
55 3.33333
56 1.0
57 1.66667
58 1.33333
59 0.333333
60 0.666667
61 3.33333
62 1.66667
63 1.66667
64 2.0
65 2.0
66 2.33333
67 3.0
68 1.0
69 2.66667
70 2.33333
DISTANCE_MATRIX
0.0 41.6643 42.4095 44.7343 26.4008 32.5576 6.08276 32.0354 47.0613 30.8058 40.7185 67.624 50.8189 37.5899 28.6531 22.5289 52.345 37.6431 51.923 34.1369 45.2548 39.4588 48.3735 58.1808 33.6809 55.2268 43.382 58.654 55.0727 23.501 21.9317 46.0977 25.8806 28.0713 39.2938 55.0479 38.3275 41.6173 55.9017 45.1774 15.0333 39.4008 14.5602 34.9285 61.0983 53.5 20.2485 44.9444 46.8238 30.4795 34.647 58.4722 64.3506 20.5183 42.0119 9.48683 9.05539 30.4138 47.905 33.612 18.6129 28.6356 23.8537 43.6005 45.0111 36.0555 44.0114 52.345 8.544 44.4072 
41.6643 0.0 85.0131 85.5708 47.2889 47.8042 37.8475 10.6301 6.0 60.1332 23.4307 83.0349 93.4225 68.1175 60.531 58.5361 58.0775 64.0312 39.0 67.2639 10.4403 28.2843 20.6155 29.8329 53.3385 25.7099 23.3452 17.088 50.6952 18.3848 42.1512 25.6125 66.7171 25.011 79.7057 97.6514 72.9932 46.0109 19.2354 82.0 34.7131 52.3927 32.0156 67.4759 37.3363 47.4131 28.1603 73.0274 29.0689 58.0346 43.0116 44.2041 83.7775 21.5407 68.1175 36.2369 49.6488 57.0088 12.2066 68.5619 56.0211 68.942 55.7315 15.8114 83.2406 65.0317 76.2365 58.0775 41.8146 29.4109 
42.4095 85.0131 0.0 18.9737 38.2099 44.0114 47.1868 77.4891 80.9203 44.2246 78.7838 80.9675 16.4924 44.8674 40.2263 21.8806 61.0 50.3156 72.8354 20.2485 85.9339 63.8922 76.7823 96.4817 54.8871 93.8478 81.5212 91.8925 70.0286 64.9455 39.2938 84.1328 17.2111 55.3625 21.9317 19.2354 38.2272 56.0089 96.1815 37.0135 51.2274 61.1462 52.7699 40.7521 99.0526 74.8958 58.3257 51.8541 84.7778 46.3263 56.6884 94.6837 74.9311 61.8402 52.7523 50.2023 33.612 47.4106 78.8892 15.8114 25.0037 20.364 39.7687 83.1487 33.2415 46.4157 45.29 61.0 39.7486 68.6804 
44.7343 85.5708 18.9737 0.0 56.0357 62.2013 50.7795 75.9563 90.9822 39.9249 80.8396 72.0278 10.198 37.6563 36.2491 37.0 79.8311 44.3847 90.1388 39.2173 88.2326 80.0625 91.4822 98.5375 51.8941 95.9035 83.577 102.575 88.3629 67.2703 56.1427 86.1885 21.5407 70.0928 9.21954 15.0333 29.1548 74.1687 98.4073 23.5372 53.2635 58.1808 55.0 33.9559 100.868 71.6344 60.4401 43.0465 86.7486 42.5441 54.8938 92.8892 65.192 64.165 45.5412 54.2182 35.9368 43.8634 91.9714 34.7851 37.2156 17.6918 37.7359 85.276 18.6815 40.2616 35.0143 79.8311 50.8803 85.0 
26.4008 47.2889 38.2099 56.0357 0.0 6.7082 24.1661 39.3805 49.7393 56.8524 61.0337 94.0213 54.5894 63.3115 54.4372 19.1108 26.6271 63.8076 34.7131 21.9545 56.7848 27.4591 41.8688 75.8669 60.0816 71.8147 63.5869 60.2163 32.5576 43.0124 6.0 66.4109 37.3631 22.4722 55.109 56.5155 62.3452 18.2483 66.4779 65.9242 39.0 65.8015 37.0 60.3919 81.6124 73.7829 41.4109 70.8233 67.4897 56.6927 61.0477 79.4466 90.6587 40.041 68.1277 25.0 33.1378 56.6927 46.2277 24.6982 19.9249 46.4866 49.8198 60.2077 64.195 62.0112 69.2993 26.6271 19.6977 31.7648 
32.5576 47.8042 44.0114 62.2013 6.7082 0.0 29.6816 39.8958 49.7695 63.0989 65.3859 100.129 60.208 69.558 60.6837 25.5153 20.0 70.0541 29.7321 26.2488 57.3 24.7588 39.6989 76.3822 66.1783 72.33 66.456 59.5399 26.1725 47.5444 10.8167 69.28 43.9659 22.8035 61.6117 61.8142 69.0399 12.0 66.9931 72.6154 44.2945 71.8982 42.0541 66.6384 83.0836 79.5018 46.4384 77.0698 72.205 62.9365 67.1444 84.474 96.8969 45.0685 74.3741 29.9666 39.3842 62.9365 45.2769 29.6142 26.5707 53.1413 56.0663 60.723 70.8378 68.2577 75.5458 20.0 25.2389 28.4253 
6.08276 37.8475 47.1868 50.7795 24.1661 29.6816 0.0 28.2187 43.2446 35.3553 37.6431 70.9632 55.5962 42.5441 33.6155 22.5979 48.9183 41.8808 46.4866 34.2053 41.4381 33.7343 42.2966 54.8372 37.0122 51.7336 40.2588 54.8372 50.4777 19.6842 18.868 43.0116 31.9258 22.2036 45.3542 59.8251 43.9318 37.5366 52.0936 51.0882 14.8661 42.7321 13.1529 40.1622 58.2409 51.1275 18.0278 49.6488 44.1475 34.6699 37.9783 56.0998 68.0147 16.7129 46.3249 3.60555 15.1327 34.4093 41.8344 33.681 18.6819 34.7131 28.6356 39.9206 51.0392 40.7063 49.3356 48.9183 4.47214 38.6394 
32.0354 10.6301 77.4891 75.9563 39.3805 39.8958 28.2187 0.0 15.2643 53.1507 25.4951 80.5347 85.8985 61.131 53.0 50.6277 51.1818 57.895 35.609 59.3555 18.4391 22.8254 21.5407 37.0 48.1154 33.0151 26.5707 26.9258 45.618 10.0499 34.2428 29.4109 57.1026 17.1026 70.24 90.1274 65.123 38.7606 28.7924 73.6817 27.0185 48.3322 24.0 60.0 43.4166 46.312 21.587 66.7533 32.311 51.3517 37.3141 47.4236 79.7057 13.0 62.2734 26.6081 40.0245 50.4876 17.0294 60.6535 48.1127 59.4723 48.0104 21.095 74.5252 58.3095 69.029 51.1818 32.6956 25.6125 
47.0613 6.0 80.9203 90.9822 49.7393 49.7695 43.2446 15.2643 0.0 66.1211 28.3019 88.6002 96.3105 74.108 66.4831 61.0397 58.0775 70.0286 37.108 69.7675 13.4536 28.0713 17.4642 31.7805 59.3043 27.7308 27.8029 11.6619 49.4975 24.0416 44.6548 29.7321 72.1285 27.2947 85.235 100.539 78.9177 46.5296 19.2354 87.8635 40.6079 58.2495 37.855 73.437 39.8246 52.8015 34.1321 79.0253 33.3017 64.0312 49.0102 48.1041 89.4556 27.2029 74.108 41.6339 55.0504 63.0079 8.06226 71.0655 58.5247 74.4648 61.6604 19.8494 89.0225 71.0283 82.2192 58.0775 43.1076 28.1603 
30.8058 60.1332 44.2246 39.9249 56.8524 63.0989 35.3553 53.1507 66.1211 0.0 46.0977 38.9102 48.7647 8.0 4.0 47.7189 82.9862 7.2111 81.5414 59.7573 58.7311 68.352 73.9797 62.9231 12.2066 61.3724 48.7545 76.7021 85.7555 43.1045 52.6308 50.2757 29.4279 56.648 30.8707 53.8516 14.4222 72.4224 67.0671 24.4131 26.1725 18.3576 29.2746 8.06226 62.776 31.8112 32.0156 14.3178 49.4805 2.82843 17.733 51.5991 34.4093 40.1995 11.3137 37.1618 24.8395 4.24264 70.0643 58.802 43.7507 24.1868 7.07107 53.7587 27.5862 5.38516 16.1245 82.9862 39.1152 73.0548 
40.7185 23.4307 78.7838 80.8396 61.0337 65.3859 37.6431 25.4951 28.3019 46.0977 0.0 61.131 86.461 53.4883 48.076 60.24 76.6719 47.8144 60.7454 71.8844 15.8114 48.3011 43.8406 17.8045 36.1702 15.6205 2.82843 35.171 71.1126 22.0227 55.3925 5.38516 62.2549 42.5927 73.8283 91.0927 60.3808 64.2507 21.3776 70.2897 27.5771 33.1361 26.4198 54.1295 20.6155 25.0 20.5913 56.5612 7.07107 43.4626 28.6531 21.9317 62.6498 23.0868 51.26 36.0949 46.1604 42.1545 35.609 71.323 56.3239 63.3576 45.6185 9.21954 73.0748 49.98 61.6847 76.6719 41.6727 50.774 
67.624 83.0349 80.9675 72.0278 94.0213 100.129 70.9632 80.5347 88.6002 38.9102 61.131 0.0 82.0975 36.1386 42.5441 86.1718 119.749 31.7805 114.725 98.2103 76.922 101.67 102.059 70.0286 34.6554 71.2531 62.5859 96.3016 121.42 71.1512 89.3974 61.9839 67.6757 91.0042 63.1269 87.0517 43.2897 108.499 80.895 49.0918 59.2588 32.2025 67.5594 40.2616 64.1249 36.1386 61.7332 29.2746 58.6941 38.0789 45.3431 50.1597 7.61577 69.3967 28.4605 72.0369 63.2851 37.7359 95.0816 97.2549 86.2149 60.6383 45.6508 70.342 54.0833 35.1141 37.0135 119.749 75.1722 104.791 
50.8189 93.4225 16.4924 10.198 54.5894 60.208 55.5962 85.8985 96.3105 48.7647 86.461 82.0975 0.0 47.2652 44.9222 38.3631 76.3217 53.7587 89.2693 35.1283 93.6111 80.3747 93.2648 103.997 60.407 101.525 89.1985 107.283 86.0233 72.6228 55.7853 91.6477 25.4558 71.845 19.0 5.09902 39.0128 72.1734 103.859 33.7343 58.9046 66.7308 60.4472 43.4166 106.568 80.1844 66.0029 53.0 92.2927 51.2445 62.8722 100.868 75.326 69.5175 55.2268 58.6117 41.2892 52.4976 94.4072 31.0161 41.4862 25.0799 45.6946 90.826 28.8617 49.6488 45.0999 76.3217 53.3161 85.1648 
37.5899 68.1175 44.8674 37.6563 63.3115 69.558 42.5441 61.131 74.108 8.0 53.4883 36.1386 47.2652 0.0 8.94427 50.4983 89.4453 7.2111 88.955 62.5367 66.4906 75.8947 81.8841 70.2602 18.0278 68.7095 56.0944 84.6274 92.6607 51.0882 59.1022 57.6128 31.7805 64.195 28.4429 52.345 8.94427 79.0759 74.6324 18.4391 34.1321 23.3452 37.2156 4.12311 67.7637 36.7696 40.0125 7.81025 56.8176 10.198 25.4951 56.5862 30.4631 48.1664 8.0 44.5982 30.6105 11.4018 78.0577 61.5813 46.5301 24.5153 13.9284 61.4003 22.4722 3.60555 8.24621 89.4453 46.0652 80.6536 
28.6531 60.531 40.2263 36.2491 54.4372 60.6837 33.6155 53.0 66.4831 4.0 48.076 42.5441 44.9222 8.94427 0.0 43.8191 80.571 10.7703 80.0562 55.8575 60.135 67.0522 73.437 64.9453 15.6525 63.3946 50.7591 77.2787 83.7257 43.0116 50.2195 52.2979 25.4951 55.3624 27.2947 50.0 12.6491 70.1783 68.9865 22.3607 26.0192 21.9317 29.0 7.0 65.5134 35.3853 32.3883 16.4012 51.3938 6.32456 19.648 55.1733 37.7359 40.0 14.4222 35.7351 21.9317 7.61577 70.0071 54.9022 39.8509 20.2237 5.09902 55.6736 25.0 7.81025 16.1245 80.571 37.1214 71.8401 
22.5289 58.5361 21.8806 37.0 19.1108 25.5153 22.5979 50.6277 61.0397 47.7189 60.24 86.1718 38.3631 50.4983 43.8191 0.0 44.4626 54.5245 53.2398 14.0384 63.869 44.0116 56.9017 77.414 56.1985 74.1645 62.8355 72.0119 51.636 42.1151 19.4391 65.6595 20.6977 35.4819 38.108 40.9249 46.5488 37.3456 74.5245 49.7647 36.531 61.9184 35.3178 46.5274 80.8388 73.6403 40.4972 58.1893 66.7377 49.3761 57.1646 78.6125 80.9011 39.1438 57.7434 25.5967 29.2462 52.8012 59.0086 13.083 5.12311 30.0689 42.2036 62.3515 47.6154 51.0604 53.6174 44.4626 19.868 48.8017 
52.345 58.0775 61.0 79.8311 26.6271 20.0 48.9183 51.1818 58.0775 82.9862 76.6719 119.749 76.3217 89.4453 80.571 44.4626 0.0 89.9389 25.0599 41.1947 68.2642 30.0167 43.1741 87.5728 85.7976 83.4865 77.7421 65.307 13.4536 58.8304 30.4138 80.566 63.1585 35.4401 80.5706 77.026 88.6445 12.6491 77.0 92.1358 63.0079 91.5175 60.6252 86.5257 94.3663 98.0729 65.0094 96.9571 83.491 82.807 86.7637 98.6024 116.675 61.0303 94.2603 48.6004 59.2715 82.7587 51.4782 45.3982 46.0652 72.4983 75.9536 72.0069 90.0777 88.145 95.4331 0.0 44.5982 30.5941 
37.6431 64.0312 50.3156 44.3847 63.8076 70.0541 41.8808 57.895 70.0286 7.2111 47.8144 31.7805 53.7587 7.2111 10.7703 54.5245 89.9389 0.0 87.6641 66.5629 61.5224 74.3519 79.0759 63.5711 11.7047 63.0257 50.4106 80.0999 92.358 47.867 59.5483 51.929 36.1386 62.6594 35.171 58.8558 16.1245 79.2023 69.1231 25.6125 31.3209 16.4012 34.4819 10.4403 60.8197 29.7321 36.4285 9.0 49.9273 7.2111 21.0238 49.5782 27.2029 45.1222 4.47214 43.4166 32.0156 7.61577 74.6048 65.6076 50.5563 30.0167 14.2127 56.0892 29.6816 4.12311 14.4222 89.9389 45.8039 79.0294 
51.923 39.0 72.8354 90.1388 34.7131 29.7321 46.4866 35.609 37.108 81.5414 60.7454 114.725 89.2693 88.955 80.0562 53.2398 25.0599 87.6641 0.0 55.9732 49.3964 13.6015 20.0998 68.6222 82.0599 64.5136 61.4003 42.0119 13.1529 43.5839 34.0147 64.0078 70.0643 25.0599 88.0909 91.2195 90.2497 18.868 56.2939 96.6902 57.8539 82.5401 55.4697 86.6487 76.3217 81.8157 55.1524 95.8541 67.2309 80.5295 83.026 82.4924 113.068 45.7839 92.1358 44.3847 60.4152 80.0562 29.4279 59.203 53.0094 78.4092 75.0267 54.5619 95.9449 86.9253 95.8175 25.0599 43.4166 10.0 
34.1369 67.2639 20.2485 39.2173 21.9545 26.2488 34.2053 59.3555 69.7675 59.7573 71.8844 98.2103 35.1283 62.5367 55.8575 14.0384 41.1947 66.5629 55.9732 0.0 75.617 49.3964 63.6003 89.0161 68.2369 85.9125 74.4377 80.7217 51.2445 53.8631 25.4951 77.2616 32.7361 43.1393 41.4197 36.0555 58.5872 37.855 86.2725 56.2526 48.139 73.9568 46.9258 58.5658 92.4446 85.6787 52.1052 70.2277 78.3457 61.4145 69.203 90.2205 92.9395 50.8918 69.7818 37.0 41.2846 64.8396 67.1789 4.47214 17.1615 39.5726 54.242 74.0995 52.5922 63.0988 65.6558 41.1947 31.0161 53.7122 
45.2548 10.4403 85.9339 88.2326 56.7848 57.3 41.4381 18.4391 13.4536 58.7311 15.8114 76.922 93.6111 66.4906 60.135 63.869 68.2642 61.5224 49.3964 75.617 0.0 38.6394 30.5287 19.4165 50.1597 15.2971 14.7648 19.4165 61.131 22.0227 51.647 16.4012 69.405 34.5068 81.6333 98.5722 72.7257 56.0357 10.8167 82.0604 35.3553 48.0416 33.2866 66.7085 26.9258 40.8044 28.178 70.4557 20.0 56.2939 41.0 34.6554 78.2624 24.7588 65.2763 39.8275 52.6308 55.109 21.4009 74.9154 60.0988 71.0211 55.5212 6.7082 83.7854 63.1506 74.7329 68.2642 45.4052 39.8497 
39.4588 28.2843 63.8922 80.0625 27.4591 24.7588 33.7343 22.8254 28.0713 68.352 48.3011 101.67 80.3747 75.8947 67.0522 44.0116 30.0167 74.3519 13.6015 49.3964 38.6394 0.0 15.0 58.0517 68.7458 53.9351 49.2443 36.0555 22.8473 30.5287 24.6982 52.0 59.2115 11.7047 77.1038 82.8734 77.666 18.6815 47.0106 84.5931 44.5398 69.4848 42.1556 73.7631 65.2534 68.7604 42.0972 82.6378 55.0364 67.2354 69.7119 70.214 99.754 32.7286 78.823 31.3209 48.2597 66.7423 21.8403 51.8845 42.9535 67.0 61.9839 43.0116 84.1487 73.736 82.9699 30.0167 31.1448 5.0 
48.3735 20.6155 76.7823 91.4822 41.8688 39.6989 42.2966 21.5407 17.4642 73.9797 43.8406 102.059 93.2648 81.8841 73.437 56.9017 43.1741 79.0759 20.0998 63.6003 30.5287 15.0 0.0 49.2443 69.6458 45.1885 43.9318 22.2036 33.0 31.3209 38.2753 46.2277 70.1223 21.5407 87.4898 95.8266 85.0955 33.1059 36.4005 93.0215 47.8539 69.857 44.7214 80.399 57.2451 66.8506 43.0116 87.8635 49.679 72.3671 58.8445 64.8151 101.237 33.9559 83.4544 39.1152 57.4282 71.5891 9.48683 65.7343 55.1543 76.9415 68.3593 36.4005 93.2631 79.2465 89.56 43.1741 41.0 12.6491 
58.1808 29.8329 96.4817 98.5375 75.8669 76.3822 54.8372 37.0 31.7805 62.9231 17.8045 70.0286 103.997 70.2602 64.9453 77.414 87.5728 63.5711 68.6222 89.0161 19.4165 58.0517 49.2443 0.0 53.4945 4.12311 15.0 32.5269 80.5233 37.3631 70.7292 12.7279 79.9528 53.589 91.5567 108.791 77.2488 75.2396 14.1421 87.1504 45.2751 47.1699 44.1022 70.9702 8.48528 35.6931 38.2753 71.336 13.8924 60.2635 45.6653 20.8806 73.171 39.2173 65.9582 53.2266 63.8584 58.9444 39.8121 88.497 73.4979 81.0555 62.4878 16.1245 89.944 66.7457 77.9757 87.5728 58.8044 59.203 
33.6809 53.3385 54.8871 51.8941 60.0816 66.1783 37.0122 48.1154 59.3043 12.2066 36.1702 34.6554 60.407 18.0278 15.6525 56.1985 85.7976 11.7047 82.0599 68.2369 50.1597 68.7458 69.6458 53.4945 0.0 51.3815 38.7664 69.0 87.4694 38.5877 55.4465 40.2848 39.0512 57.0533 42.9418 65.4599 26.1725 74.5482 57.4892 36.1248 25.3079 6.32456 28.4697 19.799 50.743 19.7782 29.1619 20.3961 39.8507 9.43398 11.1803 39.5661 32.45 36.8253 15.1327 38.086 30.3669 8.06226 64.3273 67.2816 52.2825 35.4401 15.1327 44.5533 39.6232 14.4222 25.9422 85.7976 41.2212 72.2364 
55.2268 25.7099 93.8478 95.9035 71.8147 72.33 51.7336 33.0151 27.7308 61.3724 15.6205 71.2531 101.525 68.7095 63.3946 74.1645 83.4865 63.0257 64.5136 85.9125 15.2971 53.9351 45.1885 4.12311 51.3815 0.0 12.8062 29.0689 76.4003 33.8378 66.677 11.1803 77.3189 49.5368 88.8923 106.157 75.6982 71.1758 10.8167 85.5997 42.6411 46.8402 41.4005 69.4195 12.2066 36.1248 35.609 71.0062 13.3417 58.7129 44.1022 23.2594 74.0068 35.8469 65.6284 50.123 61.2209 57.3937 35.7771 85.2109 70.3943 78.4215 60.9371 12.3693 88.3934 65.1951 76.8997 83.4865 55.7007 55.0818 
43.382 23.3452 81.5212 83.577 63.5869 66.456 40.2588 26.5707 27.8029 48.7545 2.82843 62.5859 89.1985 56.0944 50.7591 62.8355 77.7421 50.4106 61.4003 74.4377 14.7648 49.2443 43.9318 15.0 38.7664 12.8062 0.0 33.8378 72.0902 24.0208 57.9457 3.0 64.9923 43.6628 76.5657 93.8302 63.0635 65.3208 19.105 72.9728 30.3146 35.3553 29.1548 56.7979 18.2483 26.4764 23.3238 59.1575 5.83095 46.0977 31.3847 21.095 64.3817 25.318 53.8562 38.6482 48.8979 44.7786 35.3836 73.9185 58.9194 66.095 48.3016 8.06226 75.7579 52.58 64.2846 77.7421 44.2259 51.4782 
58.654 17.088 91.8925 102.575 60.2163 59.5399 54.8372 26.9258 11.6619 76.7021 35.171 96.3016 107.283 84.6274 77.2787 72.0119 65.307 80.0999 42.0119 80.7217 19.4165 36.0555 22.2036 32.5269 69.0 29.0689 33.8378 0.0 55.0818 35.4683 55.4437 34.9285 83.721 37.8021 96.7729 111.512 89.822 54.7083 18.3848 98.9545 51.6624 67.2681 49.0408 84.1724 41.0122 60.1664 44.911 89.0898 38.4838 74.4357 59.2115 51.8652 97.6729 38.6264 84.0238 53.2266 66.6408 73.3348 14.3178 82.0377 69.4969 86.0058 72.5672 25.9615 100.285 81.3941 92.8205 65.307 54.0799 34.7131 
55.0727 50.6952 70.0286 88.3629 32.5576 26.1725 50.4777 45.618 49.4975 85.7555 71.1126 121.42 86.0233 92.6607 83.7257 51.636 13.4536 92.358 13.1529 51.2445 61.131 22.8473 33.0 80.5233 87.4694 76.4003 72.0902 55.0818 0.0 53.2775 34.176 74.8465 69.857 32.0156 87.6641 87.2812 92.7658 14.3178 68.7314 98.0946 63.2635 94.5939 60.8793 89.8944 87.9318 91.5092 65.2635 99.985 77.8781 85.1469 88.4355 93.0376 118.288 55.4774 96.7988 49.2037 62.6829 84.8764 42.107 55.0818 52.3927 78.848 78.8923 65.7875 96.566 91.0659 98.8433 13.4536 46.6476 21.3776 
23.501 18.3848 64.9455 67.2703 43.0124 47.5444 19.6842 10.0499 24.0416 43.1045 22.0227 71.1512 72.6228 51.0882 43.0116 42.1151 58.8304 47.867 43.5839 53.8631 22.0227 30.5287 31.3209 37.3631 38.5877 33.8378 24.0208 35.4683 53.2775 0.0 37.3712 27.0185 48.4166 24.7512 61.327 77.5838 55.2268 46.4092 32.8024 63.9531 17.0 38.9487 14.0357 50.01 42.19 39.4987 11.7047 56.7186 29.0689 41.3038 27.7864 43.1741 70.2622 3.16228 52.2454 18.0736 31.3847 40.4475 27.0 53.1616 38.3449 50.5668 38.0526 21.5407 65.0 48.2597 59.0085 58.8304 23.6513 33.6491 
21.9317 42.1512 39.2938 56.1427 6.0 10.8167 18.868 34.2428 44.6548 52.6308 55.3925 89.3974 55.7853 59.1022 50.2195 19.4391 30.4138 59.5483 34.0147 25.4951 51.647 24.6982 38.2753 70.7292 55.4465 66.677 57.9457 55.4437 34.176 37.3712 0.0 60.7697 36.2215 17.6918 54.231 58.1893 59.0114 20.1246 61.3402 64.0338 33.541 61.1664 31.3847 56.1825 75.9713 68.8332 35.7697 66.6108 61.8486 52.4023 56.4126 73.8054 86.267 34.3999 63.8905 19.3132 28.9284 52.345 41.7253 27.4591 19.0 44.911 45.607 55.07 62.5859 57.8014 65.0899 30.4138 14.4222 29.4109 
46.0977 25.6125 84.1328 86.1885 66.4109 69.28 43.0116 29.4109 29.7321 50.2757 5.38516 61.9839 91.6477 57.6128 52.2979 65.6595 80.566 51.929 64.0078 77.2616 16.4012 52.0 46.2277 12.7279 40.2848 11.1803 3.0 34.9285 74.8465 27.0185 60.7697 0.0 67.6038 46.4868 78.9093 96.4417 64.6015 68.1448 19.0263 74.503 32.9261 35.9026 31.7688 58.3228 15.2971 26.0768 25.9422 60.0687 3.60555 47.6162 33.018 18.6011 64.1249 28.2843 54.6909 41.4721 51.5094 46.297 37.4833 76.7425 61.7434 68.7065 49.8404 9.89949 77.2967 54.0984 65.803 80.566 47.0499 54.1202 
25.8806 66.7171 17.2111 21.5407 37.3631 43.9659 31.9258 57.1026 72.1285 29.4279 62.2549 67.6757 25.4558 31.7805 25.4951 20.6977 63.1585 36.1386 70.0643 32.7361 69.405 59.2115 70.1223 79.9528 39.0512 77.3189 64.9923 83.721 69.857 48.4166 36.2215 67.6038 0.0 48.8365 18.0278 29.8329 27.0185 55.5428 79.6525 29.1548 34.6985 45.1774 36.241 27.7308 82.5237 58.7483 41.7967 39.3573 68.2489 31.1448 40.5409 78.5362 62.2415 45.3113 39.2173 35.3645 17.083 32.0624 70.6065 31.7808 17.4642 9.43398 24.0 66.6198 26.9258 32.573 34.2053 63.1585 29.5153 64.195 
28.0713 25.011 55.3625 70.0928 22.4722 22.8035 22.2036 17.1026 27.2947 56.648 42.5927 91.0042 71.845 64.195 55.3624 35.4819 35.4401 62.6594 25.0599 43.1393 34.5068 11.7047 21.5407 53.589 57.0533 49.5368 43.6628 37.8021 32.0156 24.7512 17.6918 46.4868 48.8365 0.0 66.5211 74.4068 66.0984 22.8035 44.1999 73.2462 32.8473 64.1777 30.4631 62.0967 60.2904 62.9829 36.3196 70.9366 49.4118 55.5429 58.0194 64.5232 88.0615 26.9511 67.1305 19.6469 37.0135 55.0498 24.0416 44.8219 33.6155 56.1427 50.2892 37.9298 73.0068 62.0322 71.3092 35.4401 20.025 16.4924 
39.2938 79.7057 21.9317 9.21954 55.109 61.6117 45.3542 70.24 85.235 30.8707 73.8283 63.1269 19.0 28.4429 27.2947 38.108 80.5706 35.171 88.0909 41.4197 81.6333 77.1038 87.4898 91.5567 42.9418 88.8923 76.5657 96.7729 87.6641 61.327 54.231 78.9093 18.0278 66.5211 0.0 24.0208 20.025 73.3485 91.526 15.6525 46.3249 49.1935 48.3735 24.7386 92.2337 62.6471 53.535 34.0 78.1141 33.541 46.2594 82.435 56.4358 58.1808 36.3456 48.7647 30.3645 34.8855 86.937 36.9545 35.3553 10.7703 29.2062 78.2742 11.4018 31.0483 26.1725 80.5706 46.5993 82.0975 
55.0479 97.6514 19.2354 15.0333 56.5155 61.8142 59.8251 90.1274 100.539 53.8516 91.0927 87.0517 5.09902 52.345 50.0 40.9249 77.026 58.8558 91.2195 36.0555 98.5722 82.8734 95.8266 108.791 65.4599 106.157 93.8302 111.512 87.2812 77.5838 58.1893 96.4417 29.8329 74.4068 24.0208 0.0 44.0454 73.6817 108.82 38.4708 63.5363 71.7844 65.0788 48.5077 110.973 85.238 70.6346 58.0086 96.698 56.3205 67.8616 105.857 80.2247 74.4785 60.2993 62.8406 45.9209 57.5674 97.9335 32.249 44.048 30.0832 50.6952 95.7871 33.541 54.7449 50.04 77.026 57.545 87.5957 
38.3275 72.9932 38.2272 29.1548 62.3452 69.0399 43.9318 65.123 78.9177 14.4222 60.3808 43.2897 39.0128 8.94427 12.6491 46.5488 88.6445 16.1245 90.2497 58.5872 72.7257 77.666 85.0955 77.2488 26.1725 75.6982 63.0635 89.822 92.7658 55.2268 59.0114 64.6015 27.0185 66.0984 20.025 44.0454 0.0 78.9971 81.2913 10.0 38.3275 31.8904 41.1947 6.40312 76.3089 45.3431 44.911 14.0357 63.8062 17.2047 31.9528 65.132 36.8782 52.1536 16.4924 46.5296 30.0832 18.6011 82.1523 52.9706 42.5806 18.3576 17.2627 67.9784 13.6015 12.2066 7.2111 88.6445 46.8402 82.5651 
41.6173 46.0109 56.0089 74.1687 18.2483 12.0 37.5366 38.7606 46.5296 72.4224 64.2507 108.499 72.1734 79.0759 70.1783 37.3456 12.6491 79.2023 18.868 37.855 56.0357 18.6815 33.1059 75.2396 74.5482 71.1758 65.3208 54.7083 14.3178 46.4092 20.1246 68.1448 55.5428 22.8035 73.3485 73.6817 78.9971 0.0 65.123 83.8468 51.1096 82.44 48.7254 76.1682 81.9484 86.173 53.1096 86.5332 71.0698 72.0069 75.5143 86.1812 105.551 48.6091 83.6002 36.7967 48.9141 71.8401 40.5216 41.4367 38.0789 64.56 65.4599 59.5877 82.28 77.666 85.0756 12.6491 33.4215 20.5913 
55.9017 19.2354 96.1815 98.4073 66.4779 66.9931 52.0936 28.7924 19.2354 67.0671 21.3776 80.895 103.859 74.6324 68.9865 74.5245 77.0 69.1231 56.2939 86.2725 10.8167 47.0106 36.4005 14.1421 57.4892 10.8167 19.105 18.3848 68.7314 32.8024 61.3402 19.0263 79.6525 44.1999 91.526 108.82 81.2913 65.123 0.0 91.2002 45.2217 54.4518 43.4166 75.049 22.6274 45.0999 38.0132 77.8803 22.2036 64.5136 49.3964 34.0 83.1505 35.4683 72.579 50.483 63.0317 63.2456 26.9258 85.5709 70.7543 81.0247 65.176 13.4164 93.4402 71.1688 82.8613 77.0 56.0607 47.3814 
45.1774 82.0 37.0135 23.5372 65.9242 72.6154 51.0882 73.6817 87.8635 24.4131 70.2897 49.0918 33.7343 18.4391 22.3607 49.7647 92.1358 25.6125 96.6902 56.2526 82.0604 84.5931 93.0215 87.1504 36.1248 85.5997 72.9728 98.9545 98.0946 63.9531 64.0338 74.503 29.1548 73.2462 15.6525 38.4708 10.0 83.8468 91.2002 0.0 47.2969 41.7253 50.01 16.4012 86.1438 55.1725 54.1202 21.1896 73.7078 27.2029 41.8617 74.9668 42.0 60.8276 25.0599 54.0093 36.3456 28.6007 90.6697 51.7874 46.0977 19.7231 26.5707 77.8874 5.0 21.9317 12.6491 92.1358 53.4603 89.56 
15.0333 34.7131 51.2274 53.2635 39.0 44.2945 14.8661 27.0185 40.6079 26.1725 27.5771 59.2588 58.9046 34.1321 26.0192 36.531 63.0079 31.3209 57.8539 48.139 35.3553 44.5398 47.8539 45.2751 25.3079 42.6411 30.3146 51.6624 63.2635 17.0 33.541 32.9261 34.6985 32.8473 46.3249 63.5363 38.3275 51.1096 45.2217 47.2969 0.0 36.5142 3.16228 33.0151 47.846 40.2473 7.2111 40.025 33.5711 24.5153 26.274 45.2195 56.3161 14.0357 35.7351 14.4222 18.868 23.7697 44.0 47.6141 32.615 35.805 21.095 32.0156 48.7032 31.4006 42.0119 63.0079 19.3132 49.2173 
39.4008 52.3927 61.1462 58.1808 65.8015 71.8982 42.7321 48.3322 58.2495 18.3576 33.1361 32.2025 66.7308 23.3452 21.9317 61.9184 91.5175 16.4012 82.5401 73.9568 48.0416 69.4848 69.857 47.1699 6.32456 46.8402 35.3553 67.2681 94.5939 38.9487 61.1664 35.9026 45.1774 64.1777 49.1935 71.7844 31.8904 82.44 54.4518 41.7253 36.5142 0.0 35.3569 25.6125 44.4185 13.4536 29.5308 24.1661 33.5261 15.6525 13.6015 33.2415 31.3847 37.1942 18.7883 43.8058 36.0868 14.3178 63.8905 73.0015 58.0023 41.7612 21.3776 42.0119 45.4533 19.799 30.8058 91.5175 46.9411 72.6053 
14.5602 32.0156 52.7699 55.0 37.0 42.0541 13.1529 24.0 37.855 29.2746 26.4198 67.5594 60.4472 37.2156 29.0 35.3178 60.6252 34.4819 55.4697 46.9258 33.2866 42.1556 44.7214 44.1022 28.4697 41.4005 29.1548 49.0408 60.8793 14.0357 31.3847 31.7688 36.241 30.4631 48.3735 65.0788 41.1947 48.7254 43.4166 50.01 3.16228 35.3569 0.0 36.0 46.6887 39.09 5.83095 43.1741 32.4138 27.6586 29.4358 44.0623 59.478 11.0 38.8973 12.0879 19.8494 26.9258 41.0122 46.4009 31.4018 37.7359 24.0208 30.4138 51.2445 34.5254 45.0444 60.6252 17.4642 46.8331 
34.9285 67.4759 40.7521 33.9559 60.3919 66.6384 40.1622 60.0 73.437 8.06226 54.1295 40.2616 43.4166 4.12311 7.0 46.5274 86.5257 10.4403 86.6487 58.5658 66.7085 73.7631 80.399 70.9702 19.799 69.4195 56.7979 84.1724 89.8944 50.01 56.1825 58.3228 27.7308 62.0967 24.7386 48.5077 6.40312 76.1682 75.049 16.4012 33.0151 25.6125 36.0 0.0 70.031 39.0512 39.3192 11.6619 57.5276 10.8167 25.7105 58.854 34.5398 47.0 12.0416 42.45 27.4591 12.2066 77.0065 57.6105 42.5592 20.3961 12.0416 61.7361 19.8494 6.32456 9.21954 86.5257 43.4626 78.5875 
61.0983 37.3363 99.0526 100.868 81.6124 83.0836 58.2409 43.4166 39.8246 62.776 20.6155 64.1249 106.568 67.7637 65.5134 80.8388 94.3663 60.8197 76.3217 92.4446 26.9258 65.2534 57.2451 8.48528 50.743 12.2066 18.2483 41.0122 87.9318 42.19 75.9713 15.2971 82.5237 60.2904 92.2337 110.973 76.3089 81.9484 22.6274 86.1438 47.846 44.4185 46.6887 70.031 0.0 31.7805 40.8625 68.4763 14.3178 60.0709 46.3423 14.0 67.897 43.566 63.1348 56.6737 66.4293 58.7363 47.8853 91.9219 76.9227 83.7671 63.1648 22.3607 89.8717 64.2175 75.2243 94.3663 62.2514 66.7308 
53.5 47.4131 74.8958 71.6344 73.7829 79.5018 51.1275 46.312 52.8015 31.8112 25.0 36.1386 80.1844 36.7696 35.3853 73.6403 98.0729 29.7321 81.8157 85.6787 40.8044 68.7604 66.8506 35.6931 19.7782 36.1248 26.4764 60.1664 91.5092 39.4987 68.8332 26.0768 58.7483 62.9829 62.6471 85.238 45.3431 86.173 45.0999 55.1725 40.2473 13.4536 39.09 39.0512 31.7805 0.0 33.2638 36.8917 23.0 29.1061 27.0551 19.8494 38.0526 39.2174 31.6228 49.5356 49.5404 27.7714 59.5399 84.7233 69.7242 55.2149 34.8312 34.2053 58.8982 33.2415 44.0454 98.0729 55.0278 71.8423 
20.2485 28.1603 58.3257 60.4401 41.4109 46.4384 18.0278 21.587 34.1321 32.0156 20.5913 61.7332 66.0029 40.0125 32.3883 40.4972 65.0094 36.4285 55.1524 52.1052 28.178 42.0972 43.0116 38.2753 29.1619 35.609 23.3238 44.911 65.2635 11.7047 35.7697 25.9422 41.7967 36.3196 53.535 70.6346 44.911 53.1096 38.0132 54.1202 7.2111 29.5308 5.83095 39.3192 40.8625 33.2638 0.0 45.2904 26.5877 30.0167 18.3606 38.2361 60.8364 9.43398 43.5398 16.4721 25.6125 29.0689 38.2099 51.5802 36.5811 43.0116 27.6586 24.8395 55.7136 37.0135 48.0937 65.0094 22.0499 45.2176 
44.9444 73.0274 51.8541 43.0465 70.8233 77.0698 49.6488 66.7533 79.0253 14.3178 56.5612 29.2746 53.0 7.81025 16.4012 58.1893 96.9571 9.0 95.8541 70.2277 70.4557 82.6378 87.8635 71.336 20.3961 71.0062 59.1575 89.0898 99.985 56.7186 66.6108 60.0687 39.3573 70.9366 34.0 58.0086 14.0357 86.5332 77.8803 21.1896 40.025 24.1661 43.1741 11.6619 68.4763 36.8917 45.2904 0.0 57.6922 15.5242 30.0167 56.6127 23.0868 53.9351 5.38516 51.4782 38.2884 16.2788 83.498 69.2724 54.2211 31.6228 21.095 64.9384 25.9615 8.94427 8.544 96.9571 53.3385 87.3214 
46.8238 29.0689 84.7778 86.7486 67.4897 72.205 44.1475 32.311 33.3017 49.4805 7.07107 58.6941 92.2927 56.8176 51.3938 66.7377 83.491 49.9273 67.2309 78.3457 20.0 55.0364 49.679 13.8924 39.8507 13.3417 5.83095 38.4838 77.8781 29.0689 61.8486 3.60555 68.2489 49.4118 78.1141 96.698 63.8062 71.0698 22.2036 73.7078 33.5711 33.5261 32.4138 57.5276 14.3178 23.0 26.5877 57.6922 0.0 46.821 32.2227 15.2643 61.0328 30.0167 52.3144 42.551 52.1545 45.5018 41.0122 77.8207 62.8216 69.6475 49.0452 13.4536 76.32 53.3032 64.332 83.491 48.1287 57.3062 
30.4795 58.0346 46.3263 42.5441 56.6927 62.9365 34.6699 51.3517 64.0312 2.82843 43.4626 38.0789 51.2445 10.198 6.32456 49.3761 82.807 7.2111 80.5295 61.4145 56.2939 67.2354 72.3671 60.2635 9.43398 58.7129 46.0977 74.4357 85.1469 41.3038 52.4023 47.6162 31.1448 55.5429 33.541 56.3205 17.2047 72.0069 64.5136 27.2029 24.5153 15.6525 27.6586 10.8167 60.0709 29.1061 30.0167 15.5242 46.821 0.0 15.2971 48.894 34.0588 38.4708 11.6619 36.2353 25.2389 1.41421 68.1836 60.4592 48.8851 26.4764 7.61577 51.2445 30.4138 7.0 18.4391 82.807 38.6005 71.9129 
34.647 43.0116 56.6884 54.8938 61.0477 67.1444 37.9783 37.3141 49.0102 17.733 28.6531 45.3431 62.8722 25.4951 19.648 57.1646 86.7637 21.0238 83.026 69.203 41.0 69.7119 58.8445 45.6653 11.1803 44.1022 31.3847 59.2115 88.4355 27.7864 56.4126 33.018 40.5409 58.0194 46.2594 67.8616 31.9528 75.5143 49.3964 41.8617 26.274 13.6015 29.4358 25.7105 46.3423 27.0551 18.3606 30.0167 32.2227 15.2971 0.0 42.4165 43.566 26.024 25.1794 39.0521 31.333 14.1421 53.6078 68.2477 53.2486 37.7928 17.1905 36.0555 44.6468 22.2036 33.7343 86.7637 42.1873 61.4351 
58.4722 44.2041 94.6837 92.8892 79.4466 84.474 56.0998 47.4236 48.1041 51.5991 21.9317 50.1597 100.868 56.5862 55.1733 78.6125 98.6024 49.5782 82.4924 90.2205 34.6554 70.214 64.8151 20.8806 39.5661 23.2594 21.095 51.8652 93.0376 43.1741 73.8054 18.6011 78.5362 64.5232 82.435 105.857 65.132 86.1812 34.0 74.9668 45.2195 33.2415 44.0623 58.854 14.0 19.8494 38.2361 56.6127 15.2643 48.894 42.4165 0.0 54.1295 43.566 51.4004 54.5078 63.8029 47.5594 55.9732 89.6956 74.6964 75.7881 55.1858 28.4253 78.6948 53.0377 63.8905 98.6024 60.0855 72.5603 
64.3506 83.7775 74.9311 65.192 90.6587 96.8969 68.0147 79.7057 89.4556 34.4093 62.6498 7.61577 75.326 30.4631 37.7359 80.9011 116.675 27.2029 113.068 92.9395 78.2624 99.754 101.237 73.171 32.45 74.0068 64.3817 97.6729 118.288 70.2622 86.267 64.1249 62.2415 88.0615 56.4358 80.2247 36.8782 105.551 83.1505 42.0 56.3161 31.3847 59.478 34.5398 67.897 38.0526 60.8364 23.0868 61.0328 34.0588 43.566 54.1295 0.0 68.4998 23.3238 69.0942 59.203 33.9706 95.2752 91.9841 76.9329 54.7083 41.4005 71.8471 47.0 30.0167 30.2655 116.675 72.1803 103.911 
20.5183 21.5407 61.8402 64.165 40.041 45.0685 16.7129 13.0 27.2029 40.1995 23.0868 69.3967 69.5175 48.1664 40.0 39.1438 61.0303 45.1222 45.7839 50.8918 24.7588 32.7286 33.9559 39.2173 36.8253 35.8469 25.318 38.6264 55.4774 3.16228 34.3999 28.2843 45.3113 26.9511 58.1808 74.4785 52.1536 48.6091 35.4683 60.8276 14.0357 37.1942 11.0 47.0 43.566 39.2174 9.43398 53.9351 30.0167 38.4708 26.024 43.566 68.4998 0.0 49.5005 15.1023 28.3019 37.6563 30.0167 50.1902 35.3736 47.4236 35.0143 23.7065 61.8466 45.3982 56.0357 61.0303 20.68 35.849 
42.0119 68.1175 52.7523 45.5412 68.1277 74.3741 46.3249 62.2734 74.108 11.3137 51.26 28.4605 55.2268 8.0 14.4222 57.7434 94.2603 4.47214 92.1358 69.7818 65.2763 78.823 83.4544 65.9582 15.1327 65.6284 53.8562 84.0238 96.7988 52.2454 63.8905 54.6909 39.2173 67.1305 36.3456 60.2993 16.4924 83.6002 72.579 25.0599 35.7351 18.7883 38.8973 12.0416 63.1348 31.6228 43.5398 5.38516 52.3144 11.6619 25.1794 51.4004 23.3238 49.5005 0.0 47.8853 36.1248 12.083 78.7871 68.8265 53.7752 32.3883 18.3848 59.6825 29.5466 6.7082 12.8062 94.2603 50.2195 83.5005 
9.48683 36.2369 50.2023 54.2182 25.0 29.9666 3.60555 26.6081 41.6339 37.1618 36.0949 72.0369 58.6117 44.5982 35.7351 25.5967 48.6004 43.4166 44.3847 37.0 39.8275 31.3209 39.1152 53.2266 38.086 50.123 38.6482 53.2266 49.2037 18.0736 19.3132 41.4721 35.3645 19.6469 48.7647 62.8406 46.5296 36.7967 50.483 54.0093 14.4222 43.8058 12.0879 42.45 56.6737 49.5356 16.4721 51.4782 42.551 36.2353 39.0521 54.5078 69.0942 15.1023 47.8853 0.0 18.4391 35.8469 38.4852 36.6742 21.6974 38.0789 30.6757 38.31 54.1479 42.5441 51.6624 48.6004 6.08276 36.1386 
9.05539 49.6488 33.612 35.9368 33.1378 39.3842 15.1327 40.0245 55.0504 24.8395 46.1604 63.2851 41.2892 30.6105 21.9317 29.2462 59.2715 32.0156 60.4152 41.2846 52.6308 48.2597 57.4282 63.8584 30.3669 61.2209 48.8979 66.6408 62.6829 31.3847 28.9284 51.5094 17.083 37.0135 30.3645 45.9209 30.0832 48.9141 63.0317 36.3456 18.868 36.0868 19.8494 27.4591 66.4293 49.5404 25.6125 38.2884 52.1545 25.2389 31.333 63.8029 59.203 28.3019 36.1248 18.4391 0.0 25.5539 56.7215 40.3293 25.3301 19.6469 17.8045 50.2096 36.0 29.6985 36.2353 59.2715 17.1172 53.2353 
30.4138 57.0088 47.4106 43.8634 56.6927 62.9365 34.4093 50.4876 63.0079 4.24264 42.1545 37.7359 52.4976 11.4018 7.61577 52.8012 82.7587 7.61577 80.0562 64.8396 55.109 66.7423 71.5891 58.9444 8.06226 57.3937 44.7786 73.3348 84.8764 40.4475 52.345 46.297 32.0624 55.0498 34.8855 57.5674 18.6011 71.8401 63.2456 28.6007 23.7697 14.3178 26.9258 12.2066 58.7363 27.7714 29.0689 16.2788 45.5018 1.41421 14.1421 47.5594 33.9706 37.6563 12.083 35.8469 25.5539 0.0 67.2681 63.8842 48.8851 27.6586 8.24621 50.0 31.8277 8.06226 19.6469 82.7587 38.4187 71.4198 
47.905 12.2066 78.8892 91.9714 46.2277 45.2769 41.8344 17.0294 8.06226 70.0643 35.609 95.0816 94.4072 78.0577 70.0071 59.0086 51.4782 74.6048 29.4279 67.1789 21.4009 21.8403 9.48683 39.8121 64.3273 35.7771 35.3836 14.3178 42.107 27.0 41.7253 37.4833 70.6065 24.0416 86.937 97.9335 82.1523 40.5216 26.9258 90.6697 44.0 63.8905 41.0122 77.0065 47.8853 59.5399 38.2099 83.498 41.0122 68.1836 53.6078 55.9732 95.2752 30.0167 78.7871 38.4852 56.7215 67.2681 0.0 68.7677 56.6039 76.1693 65.0308 27.5862 91.4112 75.1665 86.0058 51.4782 41.2044 21.0238 
33.612 68.5619 15.8114 34.7851 24.6982 29.6142 33.681 60.6535 71.0655 58.802 71.323 97.2549 31.0161 61.5813 54.9022 13.083 45.3982 65.6076 59.203 4.47214 74.9154 51.8845 65.7343 88.497 67.2816 85.2109 73.9185 82.0377 55.0818 53.1616 27.4591 76.7425 31.7808 44.8219 36.9545 32.249 52.9706 41.4367 85.5709 51.7874 47.6141 73.0015 46.4009 57.6105 91.9219 84.7233 51.5802 69.2724 77.8207 60.4592 68.2477 89.6956 91.9841 50.1902 68.8265 36.6742 40.3293 63.8842 68.7677 0.0 16.2062 35.1074 53.2866 73.3979 48.127 62.1434 60.0334 45.3982 30.8869 56.3649 
18.6129 56.0211 25.0037 37.2156 19.9249 26.5707 18.6819 48.1127 58.5247 43.7507 56.3239 86.2149 41.4862 46.5301 39.8509 5.12311 46.0652 50.5563 53.0094 17.1615 60.0988 42.9535 55.1543 73.4979 52.2825 70.3943 58.9194 69.4969 52.3927 38.3449 19.0 61.7434 17.4642 33.6155 35.3553 44.048 42.5806 38.0789 70.7543 46.0977 32.615 58.0023 31.4018 42.5592 76.9227 69.7242 36.5811 54.2211 62.8216 48.8851 53.2486 74.6964 76.9329 35.3736 53.7752 21.6974 25.3301 48.8851 56.6039 16.2062 0.0 26.5707 42.0122 58.5813 44.2719 47.0922 49.6492 46.0652 16.2788 47.8539 
28.6356 68.942 20.364 17.6918 46.4866 53.1413 34.7131 59.4723 74.4648 24.1868 63.3576 60.6383 25.0799 24.5153 20.2237 30.0689 72.4983 30.0167 78.4092 39.5726 71.0211 67.0 76.9415 81.0555 35.4401 78.4215 66.095 86.0058 78.848 50.5668 44.911 68.7065 9.43398 56.1427 10.7703 30.0832 18.3576 64.56 81.0247 19.7231 35.805 41.7612 37.7359 20.3961 83.7671 55.2149 43.0116 31.6228 69.6475 26.4764 37.7928 75.7881 54.7083 47.4236 32.3883 38.0789 19.6469 27.6586 76.1693 35.1074 26.5707 0.0 20.6155 67.8035 17.72 26.0768 25.5539 72.4983 36.1248 72.0 
23.8537 55.7315 39.7687 37.7359 49.8198 56.0663 28.6356 48.0104 61.6604 7.07107 45.6185 45.6508 45.6946 13.9284 5.09902 42.2036 75.9536 14.2127 75.0267 54.242 55.5212 61.9839 68.3593 62.4878 15.1327 60.9371 48.3016 72.5672 78.8923 38.0526 45.607 49.8404 24.0 50.2892 29.2062 50.6952 17.2627 65.4599 65.176 26.5707 21.095 21.3776 24.0208 12.0416 63.1648 34.8312 27.6586 21.095 49.0452 7.61577 17.1905 55.1858 41.4005 35.0143 18.3848 30.6757 17.8045 8.24621 65.0308 53.2866 42.0122 20.6155 0.0 51.9239 28.6531 12.2066 21.2132 75.9536 32.249 66.7608 
43.6005 15.8114 83.1487 85.276 60.2077 60.723 39.9206 21.095 19.8494 53.7587 9.21954 70.342 90.826 61.4003 55.6736 62.3515 72.0069 56.0892 54.5619 74.0995 6.7082 43.0116 36.4005 16.1245 44.5533 12.3693 8.06226 25.9615 65.7875 21.5407 55.07 9.89949 66.6198 37.9298 78.2742 95.7871 67.9784 59.5877 13.4164 77.8874 32.0156 42.0119 30.4138 61.7361 22.3607 34.2053 24.8395 64.9384 13.4536 51.2445 36.0555 28.4253 71.8471 23.7065 59.6825 38.31 50.2096 50.0 27.5862 73.3979 58.5813 67.8035 51.9239 0.0 80.1882 57.9741 69.6419 72.0069 43.8877 44.7772 
45.0111 83.2406 33.2415 18.6815 64.195 70.8378 51.0392 74.5252 89.0225 27.5862 73.0748 54.0833 28.8617 22.4722 25.0 47.6154 90.0777 29.6816 95.9449 52.5922 83.7854 84.1487 93.2631 89.944 39.6232 88.3934 75.7579 100.285 96.566 65.0 62.5859 77.2967 26.9258 73.0068 11.4018 33.541 13.6015 82.28 93.4402 5.0 48.7032 45.4533 51.2445 19.8494 89.8717 58.8982 55.7136 25.9615 76.32 30.4138 44.6468 78.6948 47.0 61.8466 29.5466 54.1479 36.0 31.8277 91.4112 48.127 44.2719 17.72 28.6531 80.1882 0.0 25.807 17.4642 90.0777 53.0377 89.1403 
36.0555 65.0317 46.4157 40.2616 62.0112 68.2577 40.7063 58.3095 71.0283 5.38516 49.98 35.1141 49.6488 3.60555 7.81025 51.0604 88.145 4.12311 86.9253 63.0988 63.1506 73.736 79.2465 66.7457 14.4222 65.1951 52.58 81.3941 91.0659 48.2597 57.8014 54.0984 32.573 62.0322 31.0483 54.7449 12.2066 77.666 71.1688 21.9317 31.4006 19.799 34.5254 6.32456 64.2175 33.2415 37.0135 8.94427 53.3032 7.0 22.2036 53.0377 30.0167 45.3982 6.7082 42.5441 29.6985 8.06226 75.1665 62.1434 47.0922 26.0768 12.2066 57.9741 25.807 0.0 11.7047 88.145 44.4185 78.4347 
44.0114 76.2365 45.29 35.0143 69.2993 75.5458 49.3356 69.029 82.2192 16.1245 61.6847 37.0135 45.0999 8.24621 16.1245 53.6174 95.4331 14.4222 95.8175 65.6558 74.7329 82.9699 89.56 77.9757 25.9422 76.8997 64.2846 92.8205 98.8433 59.0085 65.0899 65.803 34.2053 71.3092 26.1725 50.04 7.2111 85.0756 82.8613 12.6491 42.0119 30.8058 45.0444 9.21954 75.2243 44.0454 48.0937 8.544 64.332 18.4391 33.7343 63.8905 30.2655 56.0357 12.8062 51.6624 36.2353 19.6469 86.0058 60.0334 49.6492 25.5539 21.2132 69.6419 17.4642 11.7047 0.0 95.4331 52.5547 87.8009 
52.345 58.0775 61.0 79.8311 26.6271 20.0 48.9183 51.1818 58.0775 82.9862 76.6719 119.749 76.3217 89.4453 80.571 44.4626 0.0 89.9389 25.0599 41.1947 68.2642 30.0167 43.1741 87.5728 85.7976 83.4865 77.7421 65.307 13.4536 58.8304 30.4138 80.566 63.1585 35.4401 80.5706 77.026 88.6445 12.6491 77.0 92.1358 63.0079 91.5175 60.6252 86.5257 94.3663 98.0729 65.0094 96.9571 83.491 82.807 86.7637 98.6024 116.675 61.0303 94.2603 48.6004 59.2715 82.7587 51.4782 45.3982 46.0652 72.4983 75.9536 72.0069 90.0777 88.145 95.4331 0.0 44.5982 30.5941 
8.544 41.8146 39.7486 50.8803 19.6977 25.2389 4.47214 32.6956 43.1076 39.1152 41.6727 75.1722 53.3161 46.0652 37.1214 19.868 44.5982 45.8039 43.4166 31.0161 45.4052 31.1448 41.0 58.8044 41.2212 55.7007 44.2259 54.0799 46.6476 23.6513 14.4222 47.0499 29.5153 20.025 46.5993 57.545 46.8402 33.4215 56.0607 53.4603 19.3132 46.9411 17.4642 43.4626 62.2514 55.0278 22.0499 53.3385 48.1287 38.6005 42.1873 60.0855 72.1803 20.68 50.2195 6.08276 17.1172 38.4187 41.2044 30.8869 16.2788 36.1248 32.249 43.8877 53.0377 44.4185 52.5547 44.5982 0.0 36.1248 
