NAME  : Jabali_70_3_0.85_1_1
TYPE : SVRP
MODEL : FINITE_SUPPORT
NUMBER_OF_SCENARIOS : 200
DIMENSION : 70
EDGE_WEIGHT_TYPE : MATRIX
CAPACITY : 136
N_VEHICLES : 3
NODE_COORD_SECTION
1 3184 4113
2 4448 7299
3 2145 18
4 3326 7036
5 4519 1891
6 6098 5400
7 6780 6590
8 672 2407
9 3085 5854
10 6702 6780
11 5987 1095
12 5272 7090
13 5572 1475
14 5915 3139
15 1288 6572
16 6938 1504
17 5749 5114
18 3687 7529
19 1595 2572
20 2694 1484
21 5898 6114
22 5574 2816
23 8235 3401
24 1270 3678
25 2835 2188
26 4198 7669
27 3713 7180
28 8165 2252
29 810 5513
30 4003 1714
31 2235 1728
32 27 6566
33 4708 7806
34 3408 2672
35 7065 3499
36 5115 3095
37 6525 5542
38 803 6682
39 2663 3058
40 4332 5466
41 1026 4481
42 1868 6976
43 7150 7471
44 6462 6444
45 6372 7361
46 1154 1637
47 6055 2121
48 4396 5437
49 3197 5199
50 6167 4306
51 1328 4945
52 7470 1636
53 542 3428
54 3356 7842
55 5978 5718
56 2788 1622
57 2128 3352
58 3300 5585
59 480 3700
60 531 6423
61 7573 6082
62 7392 5143
63 2185 4488
64 4992 3830
65 6732 6028
66 2967 2887
67 5655 7875
68 7402 2892
69 5756 4417
70 585 5540
DEMAND_SECTION
1 0.0
2 1.0
3 2.0
4 4.0
5 8.0
6 4.0
7 3.0
8 6.0
9 6.0
10 5.0
11 10.0
12 9.0
13 7.0
14 9.0
15 1.0
16 2.0
17 4.0
18 1.0
19 4.0
20 6.0
21 5.0
22 4.0
23 3.0
24 7.0
25 4.0
26 8.0
27 3.0
28 4.0
29 2.0
30 4.0
31 7.0
32 5.0
33 2.0
34 2.0
35 9.0
36 1.0
37 7.0
38 7.0
39 1.0
40 3.0
41 7.0
42 2.0
43 10.0
44 3.0
45 8.0
46 9.0
47 6.0
48 9.0
49 5.0
50 4.0
51 2.0
52 5.0
53 9.0
54 6.0
55 1.0
56 7.0
57 9.0
58 1.0
59 6.0
60 2.0
61 2.0
62 6.0
63 2.0
64 10.0
65 10.0
66 9.0
67 9.0
68 1.0
69 5.0
70 2.0
DEVIATION_SECTION
1 0.0
2 0.333333
3 0.666667
4 1.33333
5 2.66667
6 1.33333
7 1.0
8 2.0
9 2.0
10 1.66667
11 3.33333
12 3.0
13 2.33333
14 3.0
15 0.333333
16 0.666667
17 1.33333
18 0.333333
19 1.33333
20 2.0
21 1.66667
22 1.33333
23 1.0
24 2.33333
25 1.33333
26 2.66667
27 1.0
28 1.33333
29 0.666667
30 1.33333
31 2.33333
32 1.66667
33 0.666667
34 0.666667
35 3.0
36 0.333333
37 2.33333
38 2.33333
39 0.333333
40 1.0
41 2.33333
42 0.666667
43 3.33333
44 1.0
45 2.66667
46 3.0
47 2.0
48 3.0
49 1.66667
50 1.33333
51 0.666667
52 1.66667
53 3.0
54 2.0
55 0.333333
56 2.33333
57 3.0
58 0.333333
59 2.0
60 0.666667
61 0.666667
62 2.0
63 0.666667
64 3.33333
65 3.33333
66 3.0
67 3.0
68 0.333333
69 1.66667
70 0.666667
DISTANCE_MATRIX
0.0 46.8722 57.5341 40.5216 34.9285 41.1055 58.8024 39.2353 23.3452 60.0588 55.0091 48.8372 47.8539 41.7276 44.9474 61.4677 35.2857 47.1699 28.1648 35.7771 47.4009 37.3473 70.4872 26.0768 26.9258 50.1199 43.0813 73.0304 38.5459 34.0147 37.3636 55.3638 53.8238 19.4165 54.6805 31.7692 46.381 49.2274 16.9706 25.2389 29.1045 44.153 71.4533 55.0689 61.3451 42.9356 46.6299 25.2389 15.1327 40.2675 27.9211 66.7101 36.0139 50.9608 42.9706 34.4384 16.7631 19.6469 36.2215 49.4872 62.1987 55.8433 13.9789 27.6595 52.4197 17.4929 60.1415 62.1781 34.8823 40.6456 
46.8722 0.0 104.338 15.0 75.3206 33.2415 32.2025 83.1927 27.2029 31.0644 88.0057 11.6619 82.1523 61.131 44.0114 86.977 34.7131 10.2956 73.5212 82.4924 25.5539 64.0078 73.8241 64.7294 73.7835 5.38516 10.0499 85.7963 54.3415 77.1726 84.1676 60.1332 7.07107 65.2993 63.3264 59.3043 35.8469 50.0899 63.6003 25.4951 58.1447 35.2278 36.4005 29.7321 26.2488 88.292 75.06 25.4951 33.9411 47.5395 51.4782 88.3008 73.0069 15.6205 29.5466 81.1234 62.1195 29.0 71.3177 54.0093 44.6878 48.2597 48.358 49.4975 34.7131 64.3506 18.1108 72.8011 44.5533 56.0892 
57.5341 104.338 0.0 97.6056 40.8534 89.6011 107.899 36.6742 80.1955 109.364 55.0 105.459 51.3517 65.7951 89.8053 69.029 84.1152 104.526 35.6931 22.0227 102.219 60.0083 93.8616 51.1566 30.7377 107.654 100.472 87.367 76.0592 34.4384 25.4951 92.0869 111.235 39.6989 80.9938 57.8014 93.9133 91.1976 41.8774 81.0555 62.1289 94.3663 120.624 104.463 120.642 25.318 60.4152 81.0555 71.9747 79.925 67.6018 76.0263 50.3587 108.03 92.7132 23.4307 46.1736 76.8059 53.3385 89.0225 109.206 98.0431 62.7265 63.8427 100.889 40.0656 116.764 81.2527 76.9253 77.0065 
40.5216 15.0 97.6056 0.0 73.0616 41.2132 45.1885 70.7892 17.4642 44.3847 89.1067 25.7099 82.6075 63.8905 29.0172 90.4434 41.4617 7.81025 63.6282 75.9652 35.609 65.5134 82.246 52.3259 66.8977 13.9284 5.09902 93.6313 39.8497 73.6817 77.4351 45.1774 20.6155 59.9083 71.1608 59.6825 45.2769 35.1283 56.3083 26.9258 45.2217 20.3961 50.9902 42.0595 40.7922 77.7817 77.1298 26.9258 25.632 54.4547 38.2753 92.8635 60.4401 10.4403 38.1838 74.6726 52.4946 20.8806 58.6003 39.0128 56.9386 58.0 35.9545 49.6488 46.0435 57.5847 33.0606 79.673 50.3875 41.4849 
34.9285 75.3206 40.8534 73.0616 0.0 51.614 69.6691 50.9161 57.1402 71.218 22.6716 72.9526 15.8114 25.0599 78.4347 33.6155 46.3249 78.5175 41.0682 24.0832 59.6825 19.2354 53.6004 49.8496 24.5967 79.8526 74.4312 49.4975 70.3278 7.0 28.7579 87.7097 81.3747 19.2094 40.1622 18.4391 55.6506 82.4621 29.7321 49.831 58.0086 78.9903 82.3773 66.4003 77.9359 43.1968 21.095 49.831 49.366 40.3609 59.5399 40.1622 58.5237 83.2166 54.9181 23.1948 37.6431 53.0848 59.5748 82.2922 70.2434 57.2419 47.1699 26.4008 62.6259 25.4951 83.248 41.1947 38.2884 72.2011 
41.1055 33.2415 89.6011 41.2132 51.614 0.0 18.4391 80.3193 42.0227 19.799 58.4637 25.0799 53.7587 31.0483 66.8188 55.0091 5.83095 41.6773 69.2488 69.3045 9.05539 35.4683 41.0488 66.4612 65.2472 38.6264 38.833 52.5547 73.1004 55.9732 72.6142 82.9365 36.6742 55.4056 30.0832 33.2866 6.0 73.1413 56.9186 31.1803 69.3817 59.8246 31.1448 14.8661 26.4197 84.0196 44.911 31.1803 42.7241 15.0 68.3304 55.6313 76.4394 47.5079 4.0 68.0205 57.8471 42.7418 76.5755 76.3205 22.0907 17.4929 54.2561 26.1725 12.083 56.1892 33.541 39.5601 13.9284 75.1897 
58.8024 32.2025 107.899 45.1885 69.6691 18.4391 0.0 97.5712 48.3286 2.0 74.2155 20.6155 71.1096 48.3099 72.8011 68.2495 24.2074 42.4382 86.5008 87.6023 13.3417 52.9553 46.8722 84.8414 83.6274 36.8782 41.1825 61.2046 79.3907 74.2765 90.9121 89.0225 31.8904 73.947 41.4367 51.2501 14.4222 79.1202 75.2989 37.4862 81.2654 65.192 12.7279 4.12311 11.0454 101.272 60.8327 37.4862 51.9379 31.891 74.6363 67.2681 94.8197 47.8017 16.1245 86.3184 75.099 47.8929 94.9558 82.4621 12.8062 21.0238 72.6363 44.5982 7.61577 74.5694 22.4722 50.0899 31.5113 81.4512 
39.2353 83.1927 36.6742 70.7892 50.9161 80.3193 97.5712 0.0 58.2703 98.3861 72.0187 87.2175 65.9608 72.6226 56.3028 84.2713 74.4994 78.5764 14.0357 28.3196 85.7282 67.5954 103.853 18.6011 32.7253 84.0053 75.1976 100.38 41.2311 44.1208 22.2036 56.0803 89.9389 40.9113 88.5932 62.6643 85.5948 56.5155 30.5345 64.0642 28.2312 62.6099 108.417 93.8377 99.7446 11.4018 71.9419 64.0642 51.6356 79.4812 34.8855 90.9608 14.0357 80.2808 81.7393 28.4253 22.4722 56.4673 17.0294 53.7587 101.413 95.057 36.2353 68.1232 91.1885 34.6788 98.4866 91.4084 74.0961 41.7732 
23.3452 27.2029 80.1955 17.4642 57.1402 42.0227 48.3286 58.2703 0.0 48.0995 75.2984 33.5261 68.3204 51.9711 27.8029 78.2624 40.43 24.6982 48.0868 58.5551 36.7875 52.3927 77.9362 39.807 49.4876 29.0 20.8087 83.0963 31.3633 57.0789 60.025 42.9418 34.2053 42.7551 61.9519 45.9733 46.1059 33.8378 38.8982 19.2354 33.2224 23.8537 57.3149 44.5837 47.676 65.2629 64.0862 19.2354 8.24621 45.7201 26.5933 81.6333 48.0845 27.8568 38.9933 57.2628 37.4046 4.12311 46.3953 36.2353 58.7923 58.8195 23.4356 36.2491 47.5178 40.1748 43.8634 69.5378 40.43 33.3766 
60.0588 31.0644 109.364 44.3847 71.218 19.799 2.0 98.3861 48.0995 0.0 76.1175 19.4165 72.665 49.8614 72.2772 70.214 25.4951 41.3401 87.7571 89.0678 13.9284 54.5068 48.8365 86.0977 84.8838 35.609 40.2492 63.1981 79.1581 75.743 94.8287 88.5268 30.4138 75.2033 43.4166 52.8016 16.1245 78.5875 76.5552 37.2571 81.024 64.5136 11.4018 5.0 9.05539 102.528 62.7347 37.2571 51.7088 33.4425 74.395 69.2604 96.076 46.6154 17.2047 87.7838 76.3553 47.6638 96.2121 82.0 14.4222 23.0217 73.8927 45.9674 9.48683 75.8258 20.6155 52.0865 33.0628 81.2219 
55.0091 88.0057 55.0 89.1067 22.6716 58.4637 74.2155 72.0187 75.2984 76.1175 0.0 82.7345 7.2111 27.4591 99.0914 14.1421 54.5894 93.3435 62.1709 44.3847 67.4685 24.0 42.72 72.3481 46.8722 93.0054 89.4539 32.9848 92.0869 28.3019 49.8606 109.293 93.1933 41.7253 35.0 29.4279 60.565 103.371 52.3259 63.1269 80.2808 98.1388 85.9069 72.1571 84.4209 64.0781 13.6015 63.1269 68.1062 43.9659 81.2712 21.095 81.0221 98.6154 62.3699 43.8634 60.1415 71.2552 82.0732 103.586 68.6003 55.5698 68.0955 39.4588 66.632 48.0833 91.9837 30.6105 44.7214 94.0479 
48.8372 11.6619 105.459 25.7099 72.9526 25.0799 20.6155 87.2175 33.5261 19.4165 82.7345 0.0 77.4661 55.3263 54.4518 80.0562 28.1603 21.9545 76.1676 83.4536 16.2788 59.0339 64.0781 73.4697 75.1707 16.2788 21.1896 76.922 63.2851 76.8719 85.3202 70.7107 12.083 65.8845 54.9181 55.3624 26.2488 60.6712 65.7986 24.634 65.7543 46.0977 25.318 18.4391 15.1327 90.9383 69.3542 24.634 38.4708 40.05 59.1253 80.6226 80.6165 27.2029 21.095 82.0539 64.7658 34.0147 78.9273 64.3817 33.2415 38.0132 61.2646 46.6884 23.8537 65.8559 11.3137 64.3273 38.1182 65.192 
47.8539 82.1523 51.3517 82.6075 15.8114 53.7587 71.1096 65.9608 68.3204 72.665 7.2111 77.4661 0.0 22.8473 91.905 18.4391 49.4773 87.0919 56.113 38.6005 62.6418 18.4391 43.4626 65.2443 40.3113 87.0517 83.1505 36.0555 84.8764 21.9317 43.8027 102.083 87.5728 34.6554 33.3017 23.0217 57.095 96.185 45.2769 57.0 73.1095 91.0851 82.8015 67.9073 79.8997 58.1893 10.6301 57.0 61.0525 39.8121 74.0608 25.318 73.9183 92.2659 57.5674 37.9473 53.0377 64.2016 74.9694 96.3846 65.8027 52.8015 60.9016 33.0606 63.5261 41.0366 87.0919 30.8707 39.8497 86.8389 
41.7276 61.131 65.7951 63.8905 25.0599 31.0483 48.3099 72.6226 51.9711 49.8614 27.4591 55.3263 22.8473 0.0 78.6414 26.5707 27.1662 67.2681 61.5521 47.0744 40.025 5.83095 31.257 62.3063 44.0114 66.2733 63.561 33.0151 79.6159 31.3847 50.7722 96.4339 66.0076 34.1466 16.0312 10.198 34.2915 84.4467 43.6 37.108 68.7691 75.8024 62.2883 45.1038 57.0961 65.2111 14.0357 37.108 46.5113 17.0 68.9912 29.6816 70.7416 72.7805 34.9285 45.8912 50.1504 48.0208 72.0385 86.583 45.2919 32.2903 55.049 16.2788 41.2667 39.8329 64.5368 20.6155 17.2627 81.7157 
44.9474 44.0114 89.8053 29.0172 78.4347 66.8188 72.8011 56.3028 27.8029 72.2772 99.0914 54.4518 91.905 78.6414 0.0 104.772 68.0666 35.2278 54.231 72.0278 61.5836 78.8792 105.573 38.833 63.1269 42.19 34.0 110.41 15.8114 76.4003 66.0076 16.2788 49.163 60.6383 89.3167 72.4578 70.902 6.32456 52.345 46.8722 28.1603 9.48683 79.7621 69.2604 69.5845 65.9697 90.5706 46.8722 32.3935 73.3567 22.2036 108.324 42.9535 33.2415 63.7894 71.0636 45.0444 31.1448 40.2492 10.0 83.5703 83.6155 31.3209 62.734 72.3139 55.7315 62.0081 96.8969 68.0666 16.2788 
61.4677 86.977 69.029 90.4434 33.6155 55.0091 68.2495 84.2713 78.2624 70.214 14.1421 80.0562 18.4391 26.5707 104.772 0.0 52.345 93.6758 74.4235 57.0088 64.0 26.0768 30.4138 81.4002 58.1808 92.228 89.9958 18.9737 99.2516 40.1622 62.1132 116.174 91.351 51.3128 26.9258 33.0151 55.2268 110.038 61.8547 63.6003 88.459 102.007 79.1202 66.6108 78.9177 76.5376 14.8661 63.6003 72.6348 40.0125 88.5093 7.0 90.0832 99.2127 59.0085 56.3205 69.2026 74.2428 91.1343 110.297 60.7454 48.0833 74.7891 42.0595 60.8276 57.6888 88.1419 19.7231 42.4264 101.306 
35.2857 34.7131 84.1152 41.4617 46.3249 5.83095 24.2074 74.4994 40.43 25.4951 54.5894 28.1603 49.4773 27.1662 68.0666 52.345 0.0 42.1802 63.429 63.8186 13.4164 31.0483 44.0132 61.0902 59.4273 40.025 39.1164 55.3964 70.9739 50.4942 67.1283 82.4197 39.0512 49.7469 32.0187 28.178 11.4018 73.9016 51.0987 23.4684 64.0107 64.046 36.8782 20.5183 31.6228 81.5672 41.1947 23.4684 36.9043 13.0 66.2039 53.6004 71.0685 47.9793 8.60233 62.5346 52.0272 36.9219 71.2046 75.8035 27.4591 21.2315 48.8852 20.5183 17.8885 50.3693 37.6431 39.6047 10.0 73.0632 
47.1699 10.2956 104.526 7.81025 78.5175 41.6773 42.4382 78.5764 24.6982 41.3401 93.3435 21.9545 87.0919 67.2681 35.2278 93.6758 42.1802 0.0 71.4154 82.8553 34.8281 69.4622 82.6801 60.1131 73.8241 7.0 4.12311 94.1736 47.1699 79.6241 84.3551 51.0098 14.0 66.4078 71.7031 64.0703 45.0 41.0488 63.235 30.2655 53.0094 26.0192 46.4866 39.8246 36.4005 85.569 80.895 30.2655 32.6497 55.1733 46.0435 95.6948 68.2495 5.83095 38.2753 81.5414 60.2818 27.7308 66.4003 45.1774 54.8179 57.6281 43.7417 54.037 44.5533 64.4748 27.1662 81.1778 51.7646 48.7032 
28.1648 73.5212 35.6931 63.6282 41.0682 69.2488 86.5008 14.0357 48.0868 87.7571 62.1709 76.1676 56.113 61.5521 54.231 74.4235 63.429 71.4154 0.0 19.3132 75.0993 57.1719 92.7825 16.2788 22.8775 76.4936 68.382 92.8549 41.1947 34.273 12.6491 58.0517 80.5375 29.8408 77.5227 51.5938 74.5244 56.0089 19.464 52.995 27.1662 58.6941 97.7963 82.7672 88.4025 14.8661 66.0461 52.995 40.5856 68.4108 32.0624 81.113 19.8494 73.2401 70.6689 18.789 11.4018 45.4173 22.2036 54.231 90.3421 83.9866 27.7849 57.0527 80.118 23.6083 87.4367 81.6307 63.0256 42.4264 
35.7771 82.4924 22.0227 75.9652 24.0832 69.3045 87.6023 28.3196 58.5551 89.0678 44.3847 83.4536 38.6005 47.0744 72.0278 57.0088 63.8186 82.8553 19.3132 0.0 80.1959 41.5933 77.2334 35.4401 9.21954 85.8836 78.7909 73.5527 60.0167 17.1172 6.7082 77.1298 89.3588 17.6918 62.9682 37.9473 73.6166 74.4312 20.3961 59.0339 46.0977 75.326 100.327 84.1669 98.6196 19.6977 45.1774 59.0339 50.3289 59.6692 50.2494 63.7887 38.5876 86.3898 72.4166 1.41421 27.0 55.1543 41.1825 72.9932 89.3727 79.8964 42.5793 43.5461 80.5919 18.3848 94.7588 65.0308 56.6286 61.3922 
47.4009 25.5539 102.219 35.609 59.6825 9.05539 13.3417 85.7282 36.7875 13.9284 67.4685 16.2788 62.6418 40.025 61.5836 64.0 13.4164 34.8281 75.0993 80.1959 0.0 44.2719 48.3011 73.4399 72.2259 30.8869 32.5269 60.7289 67.8652 63.7353 82.1709 77.7013 28.1603 62.5455 38.6394 41.5933 10.2956 67.9061 63.8974 25.9452 69.7243 54.5894 25.0599 9.21954 18.4391 89.87 53.9351 25.9452 40.3968 24.0208 63.0953 64.3817 83.4182 40.6079 5.09902 78.788 63.6975 36.3519 83.5543 71.0853 22.1359 22.8035 61.2348 33.6006 10.7703 63.1679 24.5153 48.0521 22.8035 69.9546 
37.3473 64.0078 60.0083 65.5134 19.2354 35.4683 52.9553 67.5954 52.3927 54.5068 24.0 59.0339 18.4391 5.83095 78.8792 26.0768 31.0483 69.4622 57.1719 41.5933 44.2719 0.0 36.0139 57.926 39.0512 69.0072 65.6201 35.7771 75.2357 25.632 45.4373 92.0536 69.2604 29.6142 21.3776 7.07107 38.9368 84.6845 39.2198 39.2046 64.3888 76.1139 65.6635 49.7492 61.7414 59.8762 11.7047 39.2046 46.7419 22.2036 64.6109 30.4138 66.6507 74.8131 39.2173 40.4475 45.7701 48.3516 67.6582 86.177 51.0366 38.0351 50.6687 16.1555 45.9121 35.4401 68.6804 24.5153 21.5407 77.3354 
70.4872 73.8241 93.8616 82.246 53.6004 41.0488 46.8722 103.853 77.9362 48.8365 42.72 64.0781 43.4626 31.257 105.573 30.4138 44.0132 82.6801 92.7825 77.2334 48.3011 36.0139 0.0 93.5366 75.06 79.177 79.8812 15.5242 108.654 60.531 81.3011 120.244 76.1577 65.377 15.8114 41.4367 38.0132 111.408 74.8304 60.9746 99.2123 101.552 55.0 46.8402 57.8705 95.74 33.5261 60.9746 73.3362 35.1284 98.0289 25.807 101.972 88.5099 44.4185 76.1643 81.3807 74.4281 103.269 113.552 36.0139 26.2488 84.0867 45.0185 40.8044 71.0632 69.1231 12.6491 38.3183 110.753 
26.0768 64.7294 51.1566 52.3259 49.8496 66.4612 84.8414 18.6011 39.807 86.0977 72.3481 73.4697 65.2443 62.3063 38.833 81.4002 61.0902 60.1131 16.2788 35.4401 73.4399 57.926 93.5366 0.0 38.8976 65.5421 56.7343 93.6091 25.02 45.822 28.8617 41.7732 71.4756 30.6456 78.2769 52.348 71.7367 40.05 20.2688 50.3164 11.0 44.3847 95.3906 81.1078 85.9967 27.2029 66.8506 50.3164 37.8878 65.9386 16.7631 87.0919 10.0499 61.7171 69.0095 34.8091 12.2066 42.5269 10.198 38.0526 87.5544 81.6478 18.7883 53.3306 78.4587 24.4131 82.1757 82.3849 60.5535 26.1725 
26.9258 73.7835 30.7377 66.8977 24.5967 65.2472 83.6274 32.7253 49.4876 84.8838 46.8722 75.1707 40.3113 44.0114 63.1269 58.1808 59.4273 73.8241 22.8775 9.21954 72.2259 39.0512 75.06 38.8976 0.0 77.026 69.7782 73.2462 51.9486 18.6011 10.5672 69.3748 80.7094 10.7703 60.0333 34.1321 69.6745 65.7868 11.1803 50.9313 49.4986 66.1891 96.2783 79.8939 90.6496 25.0061 44.9222 50.9313 41.2668 55.7271 41.648 64.622 42.3801 77.3223 67.7956 8.06226 18.1108 46.0977 44.9121 64.6833 85.4306 75.9543 33.3766 39.6039 77.2447 9.43398 86.4759 63.3877 52.6865 53.5791 
50.1199 5.38516 107.654 13.9284 79.8526 38.6264 36.8782 84.0053 29.0 35.609 93.0054 16.2788 87.0517 66.2733 42.19 92.228 40.025 7.0 76.4936 85.8836 30.8869 69.0072 79.177 65.5421 77.026 0.0 8.94427 91.1811 53.7587 81.3204 87.4833 58.0086 7.0 68.942 68.711 64.1249 41.1825 48.0416 66.5854 30.1496 58.8303 33.0151 39.9249 34.6554 29.9666 90.5986 80.1702 30.1496 36.4005 52.8867 51.9711 93.6228 73.8196 11.1803 34.9285 84.534 65.0918 31.4006 72.111 52.1536 49.5177 53.535 49.1706 54.231 39.8246 67.6018 20.2237 78.1857 49.8197 55.3624 
43.0813 10.0499 100.472 5.09902 74.4312 38.833 41.1825 75.1976 20.8087 40.2492 89.4539 21.1896 83.1505 63.561 34.0 89.9958 39.1164 4.12311 68.382 78.7909 32.5269 65.6201 79.8812 56.7343 69.7782 8.94427 0.0 91.286 44.9222 75.505 80.3018 50.0899 15.5242 62.2977 68.8155 60.1332 42.5206 40.05 59.1934 26.4764 49.93 25.1794 46.3249 38.2753 36.1386 82.1902 77.1038 26.4764 28.6531 52.1095 43.0465 92.3094 65.0 9.21954 35.609 77.4726 57.6998 23.7065 63.2456 44.0 53.2541 55.2268 40.3629 50.0899 42.638 60.4152 28.0179 78.2902 48.7008 46.5725 
73.0304 85.7963 87.367 93.6313 49.4975 52.5547 61.2046 100.38 83.0963 63.1981 32.9848 76.922 36.0555 33.0151 110.41 18.9737 55.3964 94.1736 92.8549 73.5527 60.7289 35.7771 15.5242 93.6091 73.2462 91.1811 91.286 0.0 110.919 56.4358 78.2224 125.043 88.8876 64.846 22.8254 42.5441 50.6952 116.215 74.8465 66.3131 100.072 106.835 70.1142 60.6712 72.2496 92.6613 28.4429 66.3131 78.492 40.4669 100.294 12.53 102.334 100.003 56.3028 72.6911 81.4532 79.3977 103.341 118.351 51.0882 40.1995 86.3518 49.0408 54.5894 70.9366 83.0241 13.6015 43.6569 113.018 
38.5459 54.3415 76.0592 39.8497 70.3278 73.1004 79.3907 41.2311 31.3633 79.1581 92.0869 63.2851 84.8764 79.6159 15.8114 99.2516 70.9739 47.1699 41.1947 60.0167 67.8652 75.2357 108.654 25.02 51.9486 53.7587 44.9222 110.919 0.0 67.1193 53.6004 17.4642 60.4401 51.4296 92.847 69.6576 77.1836 15.2971 41.7852 50.4839 14.0357 24.0832 88.0227 75.6459 78.1025 51.4782 84.4137 50.4839 35.2635 76.264 10.8167 104.598 27.5136 46.5296 70.071 59.3062 33.8378 34.0832 24.6982 13.0384 89.87 91.5315 24.7588 65.8259 78.5955 45.6946 72.3671 100.345 70.9739 2.23607 
34.0147 77.1726 34.4384 73.6817 7.0 55.9732 74.2765 44.1208 57.0789 75.743 28.3019 76.8719 21.9317 31.3847 76.4003 40.1622 50.4942 79.6241 34.273 17.1172 63.7353 25.632 60.531 45.822 18.6011 81.3204 75.505 56.4358 67.1193 0.0 21.9627 84.5813 83.6745 15.8114 46.8402 23.6008 60.2828 80.0062 25.5539 52.4988 54.2033 77.6466 87.0 70.8378 82.0968 36.4005 28.0713 52.4988 49.0102 45.8039 56.4624 46.8402 53.7756 84.0119 59.0923 16.2788 33.6155 53.1507 55.5472 79.4796 76.0388 63.6569 45.1221 30.2218 67.2581 21.4709 87.1672 48.1664 43.1856 68.8767 
37.3636 84.1676 25.4951 77.4351 28.7579 72.6142 90.9121 22.2036 60.025 94.8287 49.8606 85.3202 43.8027 50.7722 66.0076 62.1132 67.1283 84.3551 12.6491 6.7082 82.1709 45.4373 81.3011 28.8617 10.5672 87.4833 80.3018 78.2224 53.6004 21.9627 0.0 70.6116 91.0643 19.8631 66.7566 41.3506 76.9264 68.1836 21.7069 60.9701 39.6232 69.7209 106.223 89.8388 100.595 15.1327 49.7838 60.9701 51.8043 62.979 44.0454 68.8027 31.9061 87.8597 77.7405 6.40312 21.2132 56.6354 34.4819 66.6108 92.6824 83.2062 37.7661 46.8558 83.9017 19.8951 96.6254 69.2503 59.9384 54.9181 
55.3638 60.1332 92.0869 45.1774 87.7097 82.9365 89.0225 56.0803 42.9418 88.5268 109.293 70.7107 102.083 96.4339 16.2788 116.174 82.4197 51.0098 58.0517 77.1298 77.7013 92.0536 120.244 41.7732 69.3748 58.0086 50.0899 125.043 17.4642 84.5813 70.6116 0.0 65.0077 68.8767 103.955 86.4755 87.0197 10.0499 59.2368 62.1772 31.0483 25.0 96.026 85.44 85.8429 67.0 101.336 62.1772 47.0272 88.0277 28.178 121.416 42.0476 48.3735 79.907 76.452 51.264 45.8469 39.0512 6.7082 99.706 99.7332 41.4005 82.6439 88.4316 63.1585 78.0256 111.537 82.7376 15.8114 
53.8238 7.07107 111.235 20.6155 81.3747 36.6742 31.8904 89.9389 34.2053 30.4138 93.1933 12.083 87.5728 66.0076 49.163 91.351 39.0512 14.0 80.5375 89.3588 28.1603 69.2604 76.1577 71.4756 80.7094 7.0 15.5242 88.8876 60.4401 83.6745 91.0643 65.0077 0.0 72.0694 66.7083 65.0227 38.2753 55.0364 70.6045 31.6228 64.8845 40.0125 33.541 30.2324 23.8537 95.3082 80.025 31.6228 41.0122 51.4782 58.1378 92.2811 79.7531 17.72 32.7567 87.983 69.1357 36.0694 78.0639 59.1354 44.6878 50.0899 55.1042 55.3286 35.8469 71.2811 13.3417 76.1577 49.0408 62.0967 
19.4165 65.2993 39.6989 59.9083 19.2094 55.4056 73.947 40.9113 42.7551 75.2033 41.7253 65.8845 34.6554 34.1466 60.6383 51.3128 49.7469 66.4078 29.8408 17.6918 62.5455 29.6142 65.377 30.6456 10.7703 68.942 62.2977 64.846 51.4296 15.8114 19.8631 68.8767 72.0694 0.0 50.1172 24.1883 59.7177 64.195 10.6301 41.4005 38.833 62.2013 86.5978 70.2134 80.9692 34.302 37.1214 41.4005 34.5254 45.7703 40.7185 57.3062 39.3197 70.342 58.1151 16.2788 18.4391 39.0512 40.3708 63.6946 75.4738 65.9976 29.4279 29.6472 66.693 6.40312 77.2599 54.1295 42.7297 53.2353 
54.6805 63.3264 80.9938 71.1608 40.1622 30.0832 41.4367 88.5932 61.9519 43.4166 35.0 54.9181 33.3017 16.0312 89.3167 26.9258 32.0187 71.7031 77.5227 62.9682 38.6394 21.3776 15.8114 78.2769 60.0333 68.711 68.8155 22.8254 92.847 46.8402 66.7566 103.955 66.7083 50.1172 0.0 26.0192 29.0689 95.1262 59.5707 45.1679 83.4056 85.7455 52.2015 40.05 52.2398 81.1955 22.6716 45.1679 57.5295 19.3217 82.2222 26.0 86.7122 77.6784 33.9559 61.8142 66.121 58.2703 88.0091 97.2625 34.0147 21.1896 68.2801 29.2118 34.1321 55.8035 62.0322 9.48683 22.5117 94.9467 
31.7692 59.3043 57.8014 59.6825 18.4391 33.2866 51.2501 62.6643 45.9733 52.8016 29.4279 55.3624 23.0217 10.198 72.4578 33.0151 28.178 64.0703 51.5938 37.9473 41.5933 7.07107 41.4367 52.348 34.1321 64.1249 60.1332 42.5441 69.6576 23.6008 41.3506 86.4755 65.0227 24.1883 26.0192 0.0 37.2316 80.3392 33.6417 34.0147 58.8108 69.6925 63.9583 48.0104 59.6825 55.7895 18.3576 34.0147 40.3205 22.2036 59.0328 37.4833 61.0727 69.2604 36.7151 36.6879 40.1921 41.9302 62.0802 80.5989 52.9877 41.8298 45.0907 10.0499 44.2069 29.8746 65.5515 30.6757 19.8494 71.7573 
46.381 35.8469 93.9133 45.2769 55.6506 6.0 14.4222 85.5948 46.1059 16.1245 60.565 26.2488 57.095 34.2915 70.902 55.2268 11.4018 45.0 74.5244 73.6166 10.2956 38.9368 38.0132 71.7367 69.6745 41.1825 42.5206 50.6952 77.1836 60.2828 76.9264 87.0197 38.2753 59.7177 29.0689 37.2316 0.0 77.2245 62.1941 35.2635 74.6572 63.9078 27.0185 11.7047 24.0416 91.3653 47.1821 35.2635 47.9997 17.8725 72.4136 55.0364 81.715 50.8035 7.2111 72.3326 63.1226 45.6702 81.851 80.4037 16.1245 12.7279 59.5316 30.831 7.07107 61.4647 33.0 38.3275 17.4929 79.2729 
49.2274 50.0899 91.1976 35.1283 82.4621 73.1413 79.1202 56.5155 33.8378 78.5875 103.371 60.6712 96.185 84.4467 6.32456 110.038 73.9016 41.0488 56.0089 74.4312 67.9061 84.6845 111.408 40.05 65.7868 48.0416 40.05 116.215 15.2971 80.0062 68.1836 10.0499 55.0364 64.195 95.1262 80.3392 77.2245 0.0 55.3173 53.0 29.0689 15.0333 85.9884 75.5844 75.8024 66.7533 95.1998 53.0 38.1989 79.1918 24.1868 114.13 42.72 38.6394 70.1119 73.6854 47.676 37.0135 39.8497 4.47214 89.9109 89.9381 35.3412 68.5393 78.6364 58.9406 68.0074 102.709 73.9016 14.8661 
16.9706 63.6003 41.8774 56.3083 29.7321 56.9186 75.2989 30.5345 38.8982 76.5552 52.3259 65.7986 45.2769 43.6 52.345 61.8547 51.0987 63.235 19.464 20.3961 63.8974 39.2198 74.8304 20.2688 11.1803 66.5854 59.1934 74.8465 41.7852 25.5539 21.7069 59.2368 70.6045 10.6301 59.5707 33.6417 62.1941 55.3173 0.0 42.0119 28.6531 55.0818 87.9497 71.5653 78.3065 34.2348 47.5079 42.0119 30.6775 55.2238 31.3209 67.7422 28.9429 66.7329 59.467 19.2354 8.06226 35.5091 29.994 54.4059 78.0118 71.6564 22.2036 39.1006 68.9161 4.24264 77.1038 63.6786 52.1832 43.4626 
25.2389 25.4951 81.0555 26.9258 49.831 31.1803 37.4862 64.0642 19.2354 37.2571 63.1269 24.634 57.0 37.108 46.8722 63.6003 23.4684 30.2655 52.995 59.0339 25.9452 39.2046 60.9746 50.3164 50.9313 30.1496 26.4764 66.3131 50.4839 52.4988 60.9701 62.1772 31.6228 41.4005 45.1679 34.0147 35.2635 53.0 42.0119 0.0 53.2369 41.7253 46.5357 33.7414 37.1418 67.7658 50.636 0.0 19.0263 28.7585 45.714 65.9444 60.2947 35.6931 28.1509 57.6281 41.5933 16.7631 60.4308 55.4707 47.9499 44.026 38.1113 24.0832 36.6754 41.7253 35.9392 52.7539 23.4684 52.5733 
29.1045 58.1447 62.1289 45.2217 58.0086 69.3817 81.2654 28.2312 33.2224 81.024 80.2808 65.7543 73.1095 68.7691 28.1603 88.459 64.0107 53.0094 27.1662 46.0977 69.7243 64.3888 99.2123 11.0 49.4986 58.8303 49.93 100.072 14.0357 54.2033 39.6232 31.0483 64.8845 38.833 83.4056 58.8108 74.6572 29.0689 28.6531 53.2369 0.0 34.4819 90.0671 77.5205 80.2746 37.855 73.6614 53.2369 37.1226 68.9926 7.07107 93.7516 15.6205 53.8145 71.93 45.4101 20.5913 35.9422 13.4536 27.074 90.4749 84.5684 17.2627 56.3846 81.3792 32.7567 75.591 88.8477 63.6074 15.2971 
44.153 35.2278 94.3663 20.3961 78.9903 59.8246 65.192 62.6099 23.8537 64.5136 98.1388 46.0977 91.0851 75.8024 9.48683 102.007 64.046 26.0192 58.6941 75.326 54.5894 76.1139 101.552 44.3847 66.1891 33.0151 25.1794 106.835 24.0832 77.6466 69.7209 25.0 40.0125 62.2013 85.7455 69.6925 63.9078 15.0333 55.0818 41.7253 34.4819 0.0 71.3863 61.8466 61.1882 71.5122 87.8053 41.7253 30.0832 69.3361 27.7308 105.475 49.93 23.7697 56.7952 74.2428 48.5077 27.7849 47.4342 19.2354 76.4853 76.6214 33.0 59.9687 65.2993 58.0 53.0377 93.2753 64.046 25.0 
71.4533 36.4005 120.624 50.9902 82.3773 31.1448 12.7279 108.417 57.3149 11.4018 85.9069 25.318 82.8015 62.2883 79.7621 79.1202 36.8782 46.4866 97.7963 100.327 25.0599 65.6635 55.0 95.3906 96.2783 39.9249 46.3249 70.1142 88.0227 87.0 106.223 96.026 33.541 86.5978 52.2015 63.9583 27.0185 85.9884 87.9497 46.5357 90.0671 71.3863 0.0 16.4012 10.198 112.567 72.5246 46.5357 60.9874 44.5992 83.4381 77.4661 105.369 51.0784 28.6007 99.043 86.3945 56.9424 105.505 89.6772 19.0263 31.0483 83.1855 57.3149 20.0 87.2203 20.8087 60.208 44.2195 90.0056 
55.0689 29.7321 104.463 42.0595 66.4003 14.8661 4.12311 93.8377 44.5837 5.0 72.1571 18.4391 67.9073 45.1038 69.2604 66.6108 20.5183 39.8246 82.7672 84.1669 9.21954 49.7492 46.8402 81.1078 79.8939 34.6554 38.2753 60.6712 75.6459 70.8378 89.8388 85.44 30.2324 70.2134 40.05 48.0104 11.7047 75.5844 71.5653 33.7414 77.5205 61.8466 16.4012 0.0 12.3693 97.538 58.7743 33.7414 48.193 28.6849 70.8915 66.0303 91.0861 45.3431 12.2066 82.8829 71.3655 44.1481 91.2222 78.848 15.0 20.6155 68.9028 41.0122 6.08276 70.8359 22.3607 49.0102 28.3052 77.7063 
61.3451 26.2488 120.642 40.7922 77.9359 26.4197 11.0454 99.7446 47.676 9.05539 84.4209 15.1327 79.8997 57.0961 69.5845 78.9177 31.6228 36.4005 88.4025 98.6196 18.4391 61.7414 57.8705 85.9967 90.6496 29.9666 36.1386 72.2496 78.1025 82.0968 100.595 85.8429 23.8537 80.9692 52.2398 59.6825 24.0416 75.8024 78.3065 37.1418 80.2746 61.1882 10.198 12.3693 0.0 103.173 70.8375 37.1418 51.5935 40.6772 73.6455 78.1601 95.975 41.1461 23.0217 97.2117 77.0007 47.5395 93.4475 79.511 22.8473 32.0624 73.7917 52.0096 18.1108 81.5916 12.2066 61.0328 40.2492 80.0562 
42.9356 88.292 25.318 77.7817 43.1968 84.0196 101.272 11.4018 65.2629 102.528 64.0781 90.9383 58.1893 65.2111 65.9697 76.5376 81.5672 85.569 14.8661 19.6977 89.87 59.8762 95.74 27.2029 25.0061 90.5986 82.1902 92.6613 51.4782 36.4005 15.1327 67.0 95.3082 34.302 81.1955 55.7895 91.3653 66.7533 34.2348 67.7658 37.855 71.5122 112.567 97.538 103.173 0.0 64.2227 67.7658 54.6907 77.4179 43.9659 83.2406 25.0799 87.3936 85.4396 20.2485 26.1725 59.5223 28.0713 64.2806 107.121 97.6451 42.2019 61.2947 94.8888 34.334 102.207 83.6892 74.3773 52.2398 
46.6299 75.06 60.4152 77.1298 21.095 44.911 60.8327 71.9419 64.0862 62.7347 13.6015 69.3542 10.6301 14.0357 90.5706 14.8661 41.1947 80.895 66.0461 45.1774 53.9351 11.7047 33.5261 66.8506 44.9222 80.1702 77.1038 28.4429 84.4137 28.0713 49.7838 101.336 80.025 37.1214 22.6716 18.3576 47.1821 95.1998 47.5079 50.636 73.6614 87.8053 72.5246 58.7743 70.8375 64.2227 0.0 50.636 58.4333 30.3645 73.6714 20.2485 75.5249 86.3134 48.8365 44.2832 54.6443 60.043 76.576 95.4596 55.4707 42.4382 59.9513 27.8568 53.2492 43.4166 78.4474 20.8806 31.257 86.4685 
25.2389 25.4951 81.0555 26.9258 49.831 31.1803 37.4862 64.0642 19.2354 37.2571 63.1269 24.634 57.0 37.108 46.8722 63.6003 23.4684 30.2655 52.995 59.0339 25.9452 39.2046 60.9746 50.3164 50.9313 30.1496 26.4764 66.3131 50.4839 52.4988 60.9701 62.1772 31.6228 41.4005 45.1679 34.0147 35.2635 53.0 42.0119 0.0 53.2369 41.7253 46.5357 33.7414 37.1418 67.7658 50.636 0.0 19.0263 28.7585 45.714 65.9444 60.2947 35.6931 28.1509 57.6281 41.5933 16.7631 60.4308 55.4707 47.9499 44.026 38.1113 24.0832 36.6754 41.7253 35.9392 52.7539 23.4684 52.5733 
15.1327 33.9411 71.9747 25.632 49.366 42.7241 51.9379 51.6356 8.24621 51.7088 68.1062 38.4708 61.0525 46.5113 32.3935 72.6348 36.9043 32.6497 40.5856 50.3289 40.3968 46.7419 73.3362 37.8878 41.2668 36.4005 28.6531 78.492 35.2635 49.0102 51.8043 47.0272 41.0122 34.5254 57.5295 40.3205 47.9997 38.1989 30.6775 19.0263 37.1226 30.0832 60.9874 48.193 51.5935 54.6907 58.4333 19.0263 0.0 42.1944 30.4935 76.1871 47.8661 36.0555 42.6026 49.0408 29.1839 5.0 48.0022 40.3351 62.4016 57.4619 25.6827 30.5966 51.1271 31.9531 49.3964 65.0692 36.8917 37.3528 
40.2675 47.5395 79.925 54.4547 40.3609 15.0 31.891 79.4812 45.7201 33.4425 43.9659 40.05 39.8121 17.0 73.3567 40.0125 13.0 55.1733 68.4108 59.6692 24.0208 22.2036 35.1284 65.9386 55.7271 52.8867 52.1095 40.4669 76.264 45.8039 62.979 88.0277 51.4782 45.7703 19.3217 22.2036 17.8725 79.1918 55.2238 28.7585 68.9926 69.3361 44.5992 28.6849 40.6772 77.4179 30.3645 28.7585 42.1944 0.0 67.8092 40.9033 75.9666 60.9724 19.0 58.3852 57.009 42.212 75.936 81.3356 47.8466 34.8451 53.867 19.2354 24.8478 51.4566 48.3872 26.9077 5.38516 78.3533 
27.9211 51.4782 67.6018 38.2753 59.5399 68.3304 74.6363 34.8855 26.5933 74.395 81.2712 59.1253 74.0608 68.9912 22.2036 88.5093 66.2039 46.0435 32.0624 50.2494 63.0953 64.6109 98.0289 16.7631 41.648 51.9711 43.0465 100.294 10.8167 56.4624 44.0454 28.178 58.1378 40.7185 82.2222 59.0328 72.4136 24.1868 31.3209 45.714 7.07107 27.7308 83.4381 70.8915 73.6455 43.9659 73.6714 45.714 30.4935 67.8092 0.0 93.7516 22.6716 46.7547 65.301 49.5013 23.5372 29.3132 20.5183 23.0868 85.1 86.7615 14.4222 55.2012 73.8255 35.1141 68.962 89.7198 62.424 12.8062 
66.7101 88.3008 76.0263 92.8635 40.1622 55.6313 67.2681 90.9608 81.6333 69.2604 21.095 80.6226 25.318 29.6816 108.324 7.0 53.6004 95.6948 81.113 63.7887 64.3817 30.4138 25.807 87.0919 64.622 93.6228 92.3094 12.53 104.598 46.8402 68.8027 121.416 92.2811 57.3062 26.0 37.4833 55.0364 114.13 67.7422 65.9444 93.7516 105.475 77.4661 66.0303 78.1601 83.2406 20.2485 65.9444 76.1871 40.9033 93.7516 0.0 95.7672 101.494 59.5399 63.0635 74.8866 77.6981 96.8183 115.54 58.6941 46.5296 80.0315 45.8039 60.075 63.6318 88.0227 17.2627 43.9659 106.698 
36.0139 73.0069 50.3587 60.4401 58.5237 76.4394 94.8197 14.0357 48.0845 96.076 81.0221 80.6165 73.9183 70.7416 42.9535 90.0832 71.0685 68.2495 19.8494 38.5876 83.4182 66.6507 101.972 10.0499 42.3801 73.8196 65.0 102.334 27.5136 53.7756 31.9061 42.0476 79.7531 39.3197 86.7122 61.0727 81.715 42.72 28.9429 60.2947 15.6205 49.93 105.369 91.0861 95.975 25.0799 75.5249 60.2947 47.8661 75.9666 22.6716 95.7672 0.0 69.3109 78.9878 38.2753 20.8806 50.8044 3.0 39.8121 97.5327 91.5424 28.4605 63.3586 88.4369 33.0872 90.4532 91.1096 70.5815 27.8927 
50.9608 15.6205 108.03 10.4403 83.2166 47.5079 47.8017 80.2808 27.8568 46.6154 98.6154 27.2029 92.2659 72.7805 33.2415 99.2127 47.9793 5.83095 73.2401 86.3898 40.6079 74.8131 88.5099 61.7171 77.3223 11.1803 9.21954 100.003 46.5296 84.0119 87.8597 48.3735 17.72 70.342 77.6784 69.2604 50.8035 38.6394 66.7329 35.6931 53.8145 23.7697 51.0784 45.3431 41.1461 87.3936 86.3134 35.6931 36.0555 60.9724 46.7547 101.494 69.3109 0.0 44.1022 85.0975 62.1064 31.3209 67.2681 42.9535 60.3075 63.4114 45.5664 59.2115 50.2096 68.0074 31.0483 87.1531 57.5637 47.8539 
42.9706 29.5466 92.7132 38.1838 54.9181 4.0 16.1245 81.7393 38.9933 17.2047 62.3699 21.095 57.5674 34.9285 63.7894 59.0085 8.60233 38.2753 70.6689 72.4166 5.09902 39.2173 44.4185 69.0095 67.7956 34.9285 35.609 56.3028 70.071 59.0923 77.7405 79.907 32.7567 58.1151 33.9559 36.7151 7.2111 70.1119 59.467 28.1509 71.93 56.7952 28.6007 12.2066 23.0217 85.4396 48.8365 28.1509 42.6026 19.0 65.301 59.5399 78.9878 44.1022 0.0 71.1326 59.2671 38.5576 79.1239 73.2911 22.0907 19.8494 56.8045 29.0689 11.0454 58.7376 29.6142 43.4166 17.72 72.1603 
34.4384 81.1234 23.4307 74.6726 23.1948 68.0205 86.3184 28.4253 57.2628 87.7838 43.8634 82.0539 37.9473 45.8912 71.0636 56.3205 62.5346 81.5414 18.789 1.41421 78.788 40.4475 76.1643 34.8091 8.06226 84.534 77.4726 72.6911 59.3062 16.2788 6.40312 76.452 87.983 16.2788 61.8142 36.6879 72.3326 73.6854 19.2354 57.6281 45.4101 74.2428 99.043 82.8829 97.2117 20.2485 44.2832 57.6281 49.0408 58.3852 49.5013 63.0635 38.2753 85.0975 71.1326 0.0 26.0192 53.8516 40.8167 72.2718 88.0887 78.6125 41.4367 42.2621 79.3079 17.088 93.3591 64.0078 55.3446 60.6997 
16.7631 62.1195 46.1736 52.4946 37.6431 57.8471 75.099 22.4722 37.4046 76.3553 60.1415 64.7658 53.0377 50.1504 45.0444 69.2026 52.0272 60.2818 11.4018 27.0 63.6975 45.7701 81.3807 12.2066 18.1108 65.0918 57.6998 81.4532 33.8378 33.6155 21.2132 51.264 69.1357 18.4391 66.121 40.1921 63.1226 47.676 8.06226 41.5933 20.5913 48.5077 86.3945 71.3655 77.0007 26.1725 54.6443 41.5933 29.1839 57.009 23.5372 74.8866 20.8806 62.1064 59.2671 26.0192 0.0 34.0155 21.9317 46.5725 78.9403 72.5848 16.5529 45.651 68.7163 12.2066 76.0349 70.2289 51.6239 35.4683 
19.6469 29.0 76.8059 20.8806 53.0848 42.7418 47.8929 56.4673 4.12311 47.6638 71.2552 34.0147 64.2016 48.0208 31.1448 74.2428 36.9219 27.7308 45.4173 55.1543 36.3519 48.3516 74.4281 42.5269 46.0977 31.4006 23.7065 79.3977 34.0832 53.1507 56.6354 45.8469 36.0694 39.0512 58.2703 41.9302 45.6702 37.0135 35.5091 16.7631 35.9422 27.7849 56.9424 44.1481 47.5395 59.5223 60.043 16.7631 5.0 42.212 29.3132 77.6981 50.8044 31.3209 38.5576 53.8516 34.0155 0.0 49.1152 39.1152 58.3566 57.4795 30.5144 32.2025 47.0821 36.7696 44.7772 65.8563 36.9219 36.1725 
36.2215 71.3177 53.3385 58.6003 59.5748 76.5755 94.9558 17.0294 46.3953 96.2121 82.0732 78.9273 74.9694 72.0385 40.2492 91.1343 71.2046 66.4003 22.2036 41.1825 83.5543 67.6582 103.269 10.198 44.9121 72.111 63.2456 103.341 24.6982 55.5472 34.4819 39.0512 78.0639 40.3708 88.0091 62.0802 81.851 39.8497 29.994 60.4308 13.4536 47.4342 105.505 91.2222 93.4475 28.0713 76.576 60.4308 48.0022 75.936 20.5183 96.8183 3.0 67.2681 79.1239 40.8167 21.9317 49.1152 0.0 36.8782 97.6687 91.7622 27.6586 63.328 88.573 34.1383 88.764 92.117 70.5509 25.0 
49.4872 54.0093 89.0225 39.0128 82.2922 76.3205 82.4621 53.7587 36.2353 82.0 103.586 64.3817 96.3846 86.583 10.0 110.297 75.8035 45.1774 54.231 72.9932 71.0853 86.177 113.552 38.0526 64.6833 52.1536 44.0 118.351 13.0384 79.4796 66.6108 6.7082 59.1354 63.6946 97.2625 80.5989 80.4037 4.47214 54.4059 55.4707 27.074 19.2354 89.6772 78.848 79.511 64.2806 95.4596 55.4707 40.3351 81.3356 23.0868 115.54 39.8121 42.9535 73.2911 72.2718 46.5725 39.1152 36.8782 0.0 93.0901 93.1173 35.5106 70.6755 81.8156 58.1893 72.0069 104.845 76.0455 12.0416 
62.1987 44.6878 109.206 56.9386 70.2434 22.0907 12.8062 101.413 58.7923 14.4222 68.6003 33.2415 65.8027 45.2919 83.5703 60.7454 27.4591 54.8179 90.3421 89.3727 22.1359 51.0366 36.0139 87.5544 85.4306 49.5177 53.2541 51.0882 89.87 76.0388 92.6824 99.706 44.6878 75.4738 34.0147 52.9877 16.1245 89.9109 78.0118 47.9499 90.4749 76.4853 19.0263 15.0 22.8473 107.121 55.4707 47.9499 62.4016 47.8466 85.1 58.6941 97.5327 60.3075 22.0907 88.0887 78.9403 58.3566 97.6687 93.0901 0.0 13.0384 75.3493 46.587 11.4018 77.2824 34.8855 41.4849 33.2489 91.9593 
55.8433 48.2597 98.0431 58.0 57.2419 17.4929 21.0238 95.057 58.8195 23.0217 55.5698 38.0132 52.8015 32.2903 83.6155 48.0833 21.2315 57.6281 83.9866 79.8964 22.8035 38.0351 26.2488 81.6478 75.9543 53.535 55.2268 40.1995 91.5315 63.6569 83.2062 99.7332 50.0899 65.9976 21.1896 41.8298 12.7279 89.9381 71.6564 44.026 84.5684 76.6214 31.0483 20.6155 32.0624 97.6451 42.4382 44.026 57.4619 34.8451 86.7615 46.5296 91.5424 63.4114 19.8494 78.6125 72.5848 57.4795 91.7622 93.1173 13.0384 0.0 69.4428 40.2315 14.5602 71.6838 42.9535 29.2746 26.8935 93.6208 
13.9789 48.358 62.7265 35.9545 47.1699 54.2561 72.6363 36.2353 23.4356 73.8927 68.0955 61.2646 60.9016 55.049 31.3209 74.7891 48.8852 43.7417 27.7849 42.5793 61.2348 50.6687 84.0867 18.7883 33.3766 49.1706 40.3629 86.3518 24.7588 45.1221 37.7661 41.4005 55.1042 29.4279 68.2801 45.0907 59.5316 35.3412 22.2036 38.1113 17.2627 33.0 83.1855 68.9028 73.7917 42.2019 59.9513 38.1113 25.6827 53.867 14.4222 80.0315 28.4605 45.5664 56.8045 41.4367 16.5529 30.5144 27.6586 35.5106 75.3493 69.4428 0.0 41.259 66.2536 25.0 72.5338 75.7776 48.4818 26.9072 
27.6595 49.4975 63.8427 49.6488 26.4008 26.1725 44.5982 68.1232 36.2491 45.9674 39.4588 46.6884 33.0606 16.2788 62.734 42.0595 20.5183 54.037 57.0527 43.5461 33.6006 16.1555 45.0185 53.3306 39.6039 54.231 50.0899 49.0408 65.8259 30.2218 46.8558 82.6439 55.3286 29.6472 29.2118 10.0499 30.831 68.5393 39.1006 24.0832 56.3846 59.9687 57.3149 41.0122 52.0096 61.2947 27.8568 24.0832 30.5966 19.2354 55.2012 45.8039 63.3586 59.2115 29.0689 42.2621 45.651 32.2025 63.328 70.6755 46.587 40.2315 41.259 0.0 37.8021 35.3335 56.9838 36.0555 14.8661 67.9257 
52.4197 34.7131 100.889 46.0435 62.6259 12.083 7.61577 91.1885 47.5178 9.48683 66.632 23.8537 63.5261 41.2667 72.3139 60.8276 17.8885 44.5533 80.118 80.5919 10.7703 45.9121 40.8044 78.4587 77.2447 39.8246 42.638 54.5894 78.5955 67.2581 83.9017 88.4316 35.8469 66.693 34.1321 44.2069 7.07107 78.6364 68.9161 36.6754 81.3792 65.2993 20.0 6.08276 18.1108 94.8888 53.2492 36.6754 51.1271 24.8478 73.8255 60.075 88.4369 50.2096 11.0454 79.3079 68.7163 47.0821 88.573 81.8156 11.4018 14.5602 66.2536 37.8021 0.0 68.1867 28.4429 43.0 24.4682 80.6848 
17.4929 64.3506 40.0656 57.5847 25.4951 56.1892 74.5694 34.6788 40.1748 75.8258 48.0833 65.8559 41.0366 39.8329 55.7315 57.6888 50.3693 64.4748 23.6083 18.3848 63.1679 35.4401 71.0632 24.4131 9.43398 67.6018 60.4152 70.9366 45.6946 21.4709 19.8951 63.1585 71.2811 6.40312 55.8035 29.8746 61.4647 58.9406 4.24264 41.7253 32.7567 58.0 87.2203 70.8359 81.5916 34.334 43.4166 41.7253 31.9531 51.4566 35.1141 63.6318 33.0872 68.0074 58.7376 17.088 12.2066 36.7696 34.1383 58.1893 77.2824 71.6838 25.0 35.3335 68.1867 0.0 77.1611 59.9115 48.416 47.4236 
60.1415 18.1108 116.764 33.0606 83.248 33.541 22.4722 98.4866 43.8634 20.6155 91.9837 11.3137 87.0919 64.5368 62.0081 88.1419 37.6431 27.1662 87.4367 94.7588 24.5153 68.6804 69.1231 82.1757 86.4759 20.2237 28.0179 83.0241 72.3671 87.1672 96.6254 78.0256 13.3417 77.2599 62.0322 65.5515 33.0 68.0074 77.1038 35.9392 75.591 53.0377 20.8087 22.3607 12.2066 102.207 78.4474 35.9392 49.3964 48.3872 68.962 88.0227 90.4532 31.0483 29.6142 93.3591 76.0349 44.7772 88.764 72.0069 34.8855 42.9535 72.5338 56.9838 28.4429 77.1611 0.0 71.1758 47.2969 74.1485 
62.1781 72.8011 81.2527 79.673 41.1947 39.5601 50.0899 91.4084 69.5378 52.0865 30.6105 64.3273 30.8707 20.6155 96.8969 19.7231 39.6047 81.1778 81.6307 65.0308 48.0521 24.5153 12.6491 82.3849 63.3877 78.1857 78.2902 13.6015 100.345 48.1664 69.2503 111.537 76.1577 54.1295 9.48683 30.6757 38.3275 102.709 63.6786 52.7539 88.8477 93.2753 60.208 49.0102 61.0328 83.6892 20.8806 52.7539 65.0692 26.9077 89.7198 17.2627 91.1096 87.1531 43.4166 64.0078 70.2289 65.8563 92.117 104.845 41.4849 29.2746 75.7776 36.0555 43.0 59.9115 71.1758 0.0 30.0976 102.444 
34.8823 44.5533 76.9253 50.3875 38.2884 13.9284 31.5113 74.0961 40.43 33.0628 44.7214 38.1182 39.8497 17.2627 68.0666 42.4264 10.0 51.7646 63.0256 56.6286 22.8035 21.5407 38.3183 60.5535 52.6865 49.8197 48.7008 43.6569 70.9739 43.1856 59.9384 82.7376 49.0408 42.7297 22.5117 19.8494 17.4929 73.9016 52.1832 23.4684 63.6074 64.046 44.2195 28.3052 40.2492 74.3773 31.257 23.4684 36.8917 5.38516 62.424 43.9659 70.5815 57.5637 17.72 55.3446 51.6239 36.9219 70.5509 76.0455 33.2489 26.8935 48.4818 14.8661 24.4682 48.416 47.2969 30.0976 0.0 73.0632 
